0.987094273611 0.0128070070894 9.87192992911e-05
0.0113693698463 0.007284563423 0.981346066731
0.00896367234066 0.990937224027 9.91036327659e-05
0.0150053543329 0.0149134287983 0.970081216869
0.00811670317544 0.991784108495 9.91883296825e-05
0.0118799865625 0.0062890093245 0.981831004113
0.00940024036115 0.0029824166588 0.98761734298
0.00897960707005 0.00200432906892 0.989016063861
0.986955129355 0.0129461652613 9.87053834739e-05
0.00898690058747 0.00256037711419 0.988452722298
0.0103542691916 0.00455531371469 0.985090417094
0.00825467247552 0.991646152992 9.91745327524e-05
0.629724826234 0.370140635842 0.000134537923318
0.0119953732377 0.00726821454403 0.980736412218
0.00949210429486 0.00266654690129 0.987841348804
0.0502797194848 0.949621603193 9.86773221453e-05
0.0203632244381 0.0205515780661 0.959085197496
0.0119208972918 0.00886541420164 0.979213688507
0.00832022338887 0.991580608633 9.91679776611e-05
0.010678298242 0.00528674066373 0.984034961094
0.00828761760353 0.991613211158 9.91712382396e-05
0.142499212071 0.806539513904 0.0509612740244
0.013370747493 0.0111814968768 0.97544775563
0.0116484269727 0.00778891746168 0.980562655566
0.987137277217 0.0127639991828 9.87236000817e-05
0.00911083224307 0.99079007884 9.90889167757e-05
0.0114608808902 0.00644357109135 0.982095548018
0.0109457172889 0.00513532755487 0.983918955156
0.63420150685 0.365664213898 0.000134279252199
0.0180977614291 0.025130237011 0.95677200156
0.0102093390532 0.00447508113998 0.985315579807
0.00769904157683 0.000148384334332 0.992152574089
0.0115280796267 0.00774364374202 0.980728276631
0.00887640284362 0.00151764274188 0.989605954414
0.0184371626485 0.0275618089419 0.95400102841
0.0123907702254 0.0104160792484 0.977193150526
0.00838863455998 0.991512204303 9.9161136544e-05
0.0101592849238 0.00377435334104 0.986066361735
0.628396797883 0.371469031333 0.000134170783426
0.00659411970743 0.993306539705 9.93405880293e-05
0.00935655816066 0.00337101281508 0.987272429024
0.627396631132 0.372469452803 0.00013391606527
0.0121439542036 0.0112361863539 0.976619859442
0.00923265938809 0.990668263878 9.90767340612e-05
0.00901561081052 0.00269098784701 0.988293401342
0.589493327604 0.410365672766 0.000140999629576
0.0100850529622 0.00401591686824 0.98589903017
0.0218677000635 0.0243844250312 0.953747874905
0.0109008998565 0.00539451881773 0.983704581326
0.00992760173995 0.00328985770023 0.98678254056
0.00946487976777 0.00378664908075 0.986748471151
0.011691581662 0.00819887615529 0.980109542183
0.00872053803632 0.991180334017 9.91279461964e-05
0.0105456746999 0.00507938793647 0.984374937364
0.0113372787651 0.00605034158153 0.982612379653
0.0109875717882 0.00508294761499 0.983929480597
0.00846651831602 0.991434328336 9.91533481684e-05
0.00889147064063 0.991009418506 9.91108529359e-05
0.0115670359019 0.00569214432317 0.982740819775
0.00781792954927 0.00143287282278 0.990749197628
0.0083759166943 0.991524920897 9.91624083306e-05
0.0166343042945 0.0187271837006 0.964638512005
0.00911895466565 0.00277160494626 0.988109440388
0.986879829204 0.0130214729428 9.86978527057e-05
0.00995437329973 0.00428293850256 0.985762688198
0.00987349964703 0.00405698476164 0.986069515591
0.587931478963 0.411928671558 0.000139849479402
0.0099157760152 0.00292920710777 0.987155016877
0.0101096573033 0.00379855374628 0.98609178895
0.00992942138994 0.00393385070544 0.986136727905
0.00949468293028 0.00246183499919 0.988043482071
0.014285962688 0.0135661708132 0.972147866499
0.987080239301 0.0128210428031 9.87178957197e-05
0.98710243195 0.0127988479352 9.87201152065e-05
0.0120290493493 0.0078102026631 0.980160747988
0.00942327259995 0.00320994901924 0.987366778381
0.00781115291219 0.992089628203 9.92188847088e-05
0.987011411285 0.0128898777024 9.87110122298e-05
0.00990508188769 0.00337942040688 0.986715497705
0.587309752296 0.412550376287 0.000139871417182
0.00894243211747 0.00245934391681 0.988598223966
0.0131163937248 0.0124752202013 0.974408386074
0.00889785954568 0.00181259974762 0.989289540707
0.0121963186534 0.0115113062348 0.976292375112
0.0108356954148 0.00561385702931 0.983550447556
0.15708343933 0.842779089202 0.000137471467912
0.0125677731507 0.0105504446108 0.976881782239
0.0120767825638 0.00639099440206 0.981532223034
0.00916070450311 0.00244717545014 0.988392120047
0.00984712220454 0.00371203929577 0.9864408385
0.008316477938 0.99158435371 9.91683522062e-05
0.0270302205904 0.0329630405577 0.940006738852
0.0111669922587 0.00734842694668 0.981484580795
0.00989175209592 0.00333073903387 0.98677750887
0.631717791838 0.368148573357 0.000133634804374
0.00942784042438 0.0037362531507 0.986835906425
0.0105758622391 0.00567380489453 0.983750332866
0.0122837963009 0.00680865616808 0.980907547531
0.0107826262551 0.0066091133697 0.982608260375
0.0117027223047 0.00761749079738 0.980679786898
0.0166031352616 0.0204543320536 0.962942532685
0.00825224481746 0.000619347047331 0.991128408135
0.0107383694577 0.00485315839802 0.984408472144
0.0128227403607 0.00945946816996 0.977717791469
0.00993604270087 0.00308959922689 0.986974358072
0.010777195185 0.00496160113219 0.984261203683
0.0134133867372 0.0122930096339 0.974293603629
0.0096179337966 0.00395349061876 0.986428575585
0.59020106087 0.409659116157 0.000139822973716
0.987214812739 0.0126864559061 9.87313544094e-05
0.0141905037936 0.0145792206627 0.971230275544
0.00949661334757 0.0029238931065 0.987579493546
0.0265637622104 0.0332443053213 0.940191932468
0.0102384043345 0.0037501142184 0.986011481447
0.00980803325567 0.00417746088435 0.98601450586
0.0113881887701 0.00582102103313 0.982790790197
0.011501741137 0.00809339643264 0.98040486243
0.0109686155234 0.00478640011166 0.984244984365
0.00825317522004 0.991647650097 9.9174682478e-05
0.0129357018356 0.0123001344631 0.974764163701
0.98716163205 0.0127396419143 9.87260358086e-05
0.0129401278338 0.0103576677771 0.976702204389
0.0109069771634 0.0062270896712 0.982865933165
0.987024547984 0.0128767396897 9.8712326031e-05
0.00999487628174 0.00334740469491 0.986657719023
0.00883430888075 0.004278183124 0.986887507995
0.00808405151928 0.991816756886 9.91915948481e-05
0.630818166767 0.369047662638 0.000134170594959
0.0115599555045 0.00617026321151 0.982269781284
0.0149056691684 0.0164778421248 0.968616488707
0.00802298414689 0.991877818152 9.91977015853e-05
0.010935371674 0.00681106056551 0.98225356776
0.00958738057636 0.00326612910759 0.987146490316
0.00808040607926 0.00220050911941 0.989719084801
0.0100343217509 0.00295891261599 0.987006765633
0.0107069641856 0.00518184249054 0.984111193324
0.0114757734787 0.00725453629038 0.981269690231
0.00993420713321 0.00451893960458 0.985546853262
0.00937199687796 0.990528940322 9.90628003122e-05
0.987225421407 0.0126758461773 9.87324153823e-05
0.00898605863046 0.00246326911303 0.988550672257
0.00823324075322 0.000859230487407 0.990907528759
0.0101843880542 0.00515890791828 0.984656704028
0.00852477926833 0.99137607321 9.91475220732e-05
0.00885390638285 0.00181222963494 0.989333863982
0.00808177822659 0.00723220884678 0.984686012927
0.01005939276 0.00405038012286 0.985890227117
0.987043673159 0.0128576126023 9.87142387398e-05
0.00890991904222 0.99099097195 9.91090080958e-05
0.0118586539376 0.00972784012031 0.978413505942
0.00795753404976 0.00188940279825 0.990153063152
0.0090333578485 0.00235449569401 0.988612146457
0.987059029819 0.0128422544068 9.87157745593e-05
0.0111907479732 0.00441911704429 0.984390134982
0.0100268704094 0.00798808273013 0.98198504686
0.0112500223733 0.010435715399 0.978314262228
0.00812559163106 0.991775220928 9.91874408369e-05
0.0133073189539 0.0108051951706 0.975887485875
0.010146954357 0.00486585375771 0.984987191885
0.0145163414344 0.0155702183287 0.969913440237
0.0113760265162 0.00663812597142 0.981985847512
0.00913529889064 0.00256296353273 0.988301737577
0.00889889198465 0.991001997905 9.91101108015e-05
0.00828802657014 0.991612802233 9.9171197343e-05
0.630299323858 0.369562987853 0.000137688289043
0.987204769436 0.0126965002138 9.87303499786e-05
0.00980347169564 0.00324605553784 0.986950472767
0.00928910969516 0.00283308268786 0.987877807617
0.0172572877567 0.0198586293807 0.962884082863
0.0115431856112 0.00714373044981 0.981313083939
0.00805514598342 0.991845659531 9.91944854017e-05
0.00881641360102 0.00153628754424 0.989647298855
0.0147748997901 0.0100119343728 0.975213165837
0.00904939367575 0.00283675406191 0.988113852262
0.00803618546848 0.99186461815 9.91963814532e-05
0.00942044624304 0.00325441608339 0.987325137674
0.0115108580241 0.00654480400284 0.981944337973
0.0082326301311 0.991668193132 9.91767369869e-05
0.581856797036 0.418003017271 0.000140185693467
0.987164126048 0.0127371476664 9.87262852334e-05
0.0140581461089 0.0153550358796 0.970586818012
0.010639819157 0.00443930351587 0.984920877327
0.00844634696406 0.991454497671 9.91553653036e-05
0.00833651784618 0.991564315806 9.91663482154e-05
0.150609312419 0.849251867536 0.000138820044746
0.00847248675358 0.00145861243083 0.990068900816
0.0115678606561 0.0067957109259 0.981636428418
0.0175810692511 0.0167380324729 0.965680898276
0.00939032153635 0.00287452339824 0.987735155065
0.00813597601417 0.00181576564419 0.990048258342
0.013064549295 0.0101469714259 0.976788479279
0.0117377928784 0.00715138825607 0.981110818866
0.014418266629 0.0166413063656 0.968940427005
0.00808050586938 0.00138855434196 0.990530939789
0.0154462432457 0.0168263272497 0.967727429505
0.00877724957144 0.00287004039643 0.988352710032
0.00932023361241 0.00285294801667 0.987826818371
0.00804671380157 0.00215102525966 0.989802260939
0.0095806168702 0.00463849276015 0.98578089037
0.0102431306897 0.00541805674952 0.984338812561
0.0101300105109 0.00421074701688 0.985659242472
0.00881640402019 0.00196895092939 0.98921464505
0.0100961532234 0.00451447243977 0.985389374337
0.00814490644308 0.991755908048 9.91855093557e-05
0.00947303169226 0.00455003724608 0.985976931062
0.0138916941942 0.0141210038122 0.971987301994
0.00969905373908 0.00370808976567 0.986592856495
0.0223402183532 0.0271885147342 0.950471266913
0.0134354041064 0.0119766341218 0.974587961772
0.0180010105242 0.026898317603 0.955100671873
0.0124019084053 0.00933548144083 0.978262610154
0.00814008894625 0.991760725063 9.91859911054e-05
0.987163684091 0.0127375896676 9.87262410332e-05
0.0127221251508 0.0058139335062 0.981463941343
0.00973014333229 0.00353025250794 0.98673960416
0.987402561575 0.0124986882942 9.87501311706e-05
0.0130262456225 0.00914412146579 0.977829632912
0.158536190292 0.841324654504 0.00013915520354
0.987144995192 0.0127562804365 9.87243719564e-05
0.0102991385658 0.00877591814295 0.980924943291
0.987250144478 0.012651120634 9.87348879366e-05
0.00850688285191 0.991393967836 9.91493117148e-05
0.0118695850157 0.00766480068537 0.980465614299
0.00908870868427 0.990812200187 9.90911291316e-05
0.00913267131454 0.00261020662477 0.988257122061
0.0106672459797 0.00400218592852 0.985330568092
0.63034030769 0.369525800017 0.00013389229276
0.00893016393477 0.00225208003539 0.98881775603
0.0104535961312 0.00443668665872 0.98510971721
0.00845527579015 0.991445569737 9.9154472421e-05
0.0132590537641 0.0121912097072 0.974549736529
0.0148937783812 0.0144401414126 0.970666080206
0.0109310237017 0.00482358481764 0.984245391481
0.152271781087 0.847589568232 0.000138650680784
0.0132393548327 0.0106342897646 0.976126355403
0.0120635183132 0.00952456806021 0.978411913627
0.0103124268342 0.00406563351328 0.985621939652
0.00817232781138 0.00118947972371 0.990638192465
0.987307533924 0.0125937254482 9.87406274552e-05
0.0101973339729 0.00482298741011 0.984979678617
0.0081284149503 0.991772397891 9.9187158505e-05
0.00974556823028 0.00386251817536 0.986391913594
0.00842175779713 0.991479084379 9.91578242203e-05
0.00915572324144 0.00334833546858 0.98749594129
0.0137422323775 0.00924913694757 0.977008630675
0.00982536383189 0.00295382719326 0.987220808975
0.0100367796098 0.00497831547707 0.984984904913
0.584849842969 0.415010799127 0.000139357903293
0.0139142975884 0.985986771112 9.89312992016e-05
0.986761764304 0.0131395496513 9.86860450349e-05
0.0140218777902 0.0130302913561 0.972947830854
0.158479354382 0.84137745904 0.000143186578644
0.00871251486334 0.991188356388 9.91287485137e-05
0.00881884594847 0.991082035936 9.91181154052e-05
0.00802477100209 0.991876031475 9.91975228998e-05
0.0140148774296 0.0132924379839 0.972692684587
0.0109670056804 0.00539849725236 0.983634497067
0.00863991003175 0.00205892727044 0.989301162698
0.986772224026 0.0131290888827 9.86870911117e-05
0.00820370012606 0.991697120244 9.91796299874e-05
0.987123425058 0.0127778527272 9.87222147273e-05
0.987162358608 0.0127389152832 9.87261084717e-05
0.0145455077138 0.0158932526074 0.969561239679
0.00797934910565 0.991921448829 9.92020650894e-05
0.00829553602426 0.991605293529 9.91704463976e-05
0.00965462332014 0.00414800281355 0.986197373866
0.00899068812002 0.00211694990373 0.988892361976
0.010353995042 0.00607090982692 0.983575095131
0.0107600919374 0.00594728037655 0.983292627686
0.0102517350601 0.00502989756322 0.984718367377
0.00891569179114 0.990985199778 9.91084308209e-05
0.987044087812 0.0128571979079 9.87142802092e-05
0.987069410722 0.0128318724654 9.87168127535e-05
0.986730203909 0.0131711132023 9.86828886798e-05
0.00914409177212 0.00216009759181 0.988695810636
0.0132926728969 0.0117971679071 0.974910159196
0.00883846908623 0.00204722217217 0.989114308742
0.149428468155 0.850434186468 0.000137345377468
0.00821948790135 0.00105318148583 0.990727330613
0.0113494843917 0.00620627071965 0.982444244889
0.0104643195921 0.0035548263803 0.985980854028
0.0156293604399 0.0165364231592 0.967834216401
0.151551260929 0.848309440217 0.000139298853277
0.0212864190679 0.0231917832475 0.955521797685
0.0164269066498 0.0226746744107 0.960898418939
0.00845371395301 0.001736192577 0.98981009347
0.987275658761 0.0126256037997 9.873743962e-05
0.0105871273771 0.00512844228396 0.984284430339
0.0104421564289 0.00381022861345 0.985747614958
0.0261324972965 0.030091231261 0.943776271442
0.591586265885 0.408274021335 0.000139712780623
0.589175982296 0.410684479853 0.000139537851222
0.0108972228532 0.00574096066063 0.983361816486
0.987258940238 0.0126423239948 9.87357676005e-05
0.00991813041696 0.00429165893254 0.98579021065
0.00902416224909 0.00439440225914 0.986581435492
0.0107953803124 0.0057485737417 0.983456045946
0.00808254363577 0.991818264619 9.91917456364e-05
0.987274303451 0.0126269592445 9.87373040756e-05
0.0085055628453 0.00214881853181 0.989345618623
0.00919593936948 0.00253990124007 0.98826415939
0.152299267832 0.8475633096 0.000137422568396
0.625377137391 0.37449009624 0.000132766368857
0.00843282913544 0.000603955402975 0.990963215462
0.986667264875 0.0132340585313 9.86765941469e-05
0.0141116847079 0.00571639343575 0.980171921856
0.98709808822 0.0128031920988 9.87196807901e-05
0.00798644288338 0.00375743240448 0.988256124712
0.00851249486058 0.00293133305427 0.988556172085
0.00959355297975 0.00246531369573 0.987941133325
0.00701277059863 0.000148394706628 0.992838834695
0.0121450209355 0.00790189375795 0.979953085307
0.00790872005546 0.991992070817 9.92091279945e-05
0.00965241613926 0.00330948762378 0.987038096237
0.0115198823713 0.00591117594674 0.982568941682
0.010194081896 0.00416644248984 0.985639475614
0.987166176843 0.012735096667 9.87264903333e-05
0.0105529511713 0.0050431586003 0.984403890228
0.0100074329475 0.00394888095505 0.986043686097
0.0122756171155 0.0107360326441 0.97698835024
