0.000101079211546 0.000101079211546 0.000101079211546 0.999393524731 0.000101079211546 0.000101079211546 0.000101079211546
0.987394628031 0.000146585261546 0.000146585261546 0.000146585261546 0.000146585261546 0.00937337663347 0.00264565428959
0.000102186793056 0.000102186793056 0.999386879242 0.000102186793056 0.000102186793056 0.000102186793056 0.000102186793056
0.953460781228 0.000146488333402 0.000146488333402 0.000146488333402 0.000146488333402 0.0276783490167 0.0182749164217
0.000101424449943 0.9993914533 0.000101424449943 0.000101424449943 0.000101424449943 0.000101424449943 0.000101424449943
0.988703957367 0.000146593448802 0.000146593448802 0.000305317106724 0.0104043517315 0.000146593448802 0.000146593448802
0.987609878442 0.000146287192384 0.000146287192384 0.000146287192384 0.0116586855956 0.000146287192384 0.000146287192384
0.992801266059 0.000146399989706 0.000146399989706 0.000146399989706 0.00646673399243 0.000146399989706 0.000146399989706
0.000101107963804 0.000101107963804 0.000101107963804 0.999393352217 0.000101107963804 0.000101107963804 0.000101107963804
0.993978878295 0.000146552645151 0.000146552645151 0.000146552645151 0.000146552645151 0.00528835847966 0.000146552645151
0.981424529608 0.000146226726631 0.000146226726631 0.000146226726631 0.0178443367589 0.000146226726631 0.000146226726631
0.00010120230058 0.999392786197 0.00010120230058 0.00010120230058 0.00010120230058 0.00010120230058 0.00010120230058
0.000102089275876 0.000102089275876 0.000102089275876 0.000102089275876 0.000102089275876 0.999387464345 0.000102089275876
0.987728302944 0.000146582977066 0.000146582977066 0.000146582977066 0.000146582977066 0.0115387821704 0.000146582977066
0.991018250327 0.000146401392058 0.000146401392058 0.000146401392058 0.00824974271236 0.000146401392058 0.000146401392058
0.000101610825828 0.000101610825828 0.972544277776 0.0269476680949 0.000101610825828 0.000101610825828 0.000101610825828
0.934693672608 0.000146574562488 0.000146574562488 0.000146574562488 0.000146574562488 0.0363497000572 0.0283703290848
0.977699017696 0.000146445749042 0.000146445749042 0.000146445749042 0.000146445749042 0.0138690238547 0.00784617545311
0.000101147596201 0.325848540174 0.673645721845 0.000101147596201 0.000101147596201 0.000101147596201 0.000101147596201
0.987241141101 0.000146410173302 0.000146410173302 0.000146410173302 0.0120268080328 0.000146410173302 0.000146410173302
0.000101447110506 0.743725483146 0.255767281301 0.000101447110506 0.000101447110506 0.000101447110506 0.000101447110506
0.000110545475245 0.000110545475245 0.000110545475245 0.000110545475245 0.000110545475245 0.000110545475245 0.999336727149
0.96161029946 0.00014644263834 0.00014644263834 0.00014644263834 0.00014644263834 0.0254420293983 0.0123619005883
0.969879177476 0.000146516104242 0.000146516104242 0.000146516104242 0.000146516104242 0.0229719461441 0.00656281196282
0.000101060015505 0.000101060015505 0.000101060015505 0.999393639907 0.000101060015505 0.000101060015505 0.000101060015505
0.000102853366328 0.724903119114 0.274582614054 0.000102853366328 0.000102853366328 0.000102853366328 0.000102853366328
0.989301781291 0.000146536877366 0.000146536877366 0.000374477760587 0.00973759343917 0.000146536877366 0.000146536877366
0.992245008172 0.000146567541029 0.000146567541029 0.000693571286147 0.000146567541029 0.0064751503782 0.000146567541029
0.00010202883619 0.00010202883619 0.00010202883619 0.00010202883619 0.00010202883619 0.999387826983 0.00010202883619
0.915656990861 0.000146301219789 0.000146301219789 0.000146301219789 0.000146301219789 0.0401239564595 0.0436338478008
0.98844362132 0.000146581764677 0.000146581764677 0.000146581764677 0.000146581764677 0.010823469857 0.000146581764677
0.998236654941 0.000146332104117 0.000146332104117 0.00103168453865 0.000146332104117 0.000146332104117 0.000146332104117
0.982015784921 0.000146540323713 0.000146540323713 0.000146540323713 0.000146540323713 0.0114930169277 0.00590503685645
0.994959418666 0.000146436769604 0.000146436769604 0.000146436769604 0.00430839748608 0.000146436769604 0.000146436769604
0.914896644329 0.000146328572798 0.000146328572798 0.000146328572798 0.000146328572798 0.0332136610714 0.0513043803085
0.960093063302 0.000146232122419 0.000146232122419 0.000146232122419 0.000146232122419 0.0225348173239 0.016787190884
0.000102272001029 0.999386367994 0.000102272001029 0.000102272001029 0.000102272001029 0.000102272001029 0.000102272001029
0.993641407497 0.000146441092614 0.000146441092614 0.00106211598016 0.00471071215271 0.000146441092614 0.000146441092614
0.000102056395737 0.000102056395737 0.000102056395737 0.000102056395737 0.000102056395737 0.999387661626 0.000102056395737
0.000104485080046 0.99937308952 0.000104485080046 0.000104485080046 0.000104485080046 0.000104485080046 0.000104485080046
0.981628662691 0.000146291501341 0.000146291501341 0.000146291501341 0.0176398798024 0.000146291501341 0.000146291501341
0.000102241283767 0.000102241283767 0.000102241283767 0.000102241283767 0.000102241283767 0.999386552297 0.000102241283767
0.965451003665 0.000146128498757 0.000146128498757 0.000146128498757 0.000146128498757 0.0149430016449 0.0190214806946
0.000101419107901 0.530788774643 0.468704129818 0.000101419107901 0.000101419107901 0.000101419107901 0.000101419107901
0.981997133814 0.000146122549301 0.000146122549301 0.000146122549301 0.017272253439 0.000146122549301 0.000146122549301
0.000102752997158 0.000102752997158 0.000102752997158 0.000102752997158 0.999383482017 0.000102752997158 0.000102752997158
0.991806155112 0.000146350263566 0.000146350263566 0.000146350263566 0.00746209357001 0.000146350263566 0.000146350263566
0.968829180538 0.0106033287968 0.000146498456016 0.00348554638426 0.0166424489133 0.000146498456016 0.000146498456016
0.99198819352 0.000146633743264 0.000146633743264 0.00106110891745 0.000146633743264 0.00636416258967 0.000146633743264
0.991764226932 0.000146414514816 0.000146414514816 0.000146414514816 0.00750370049423 0.000146414514816 0.000146414514816
0.989389517148 0.00014652256479 0.00014652256479 0.00014652256479 0.00014652256479 0.00987787002825 0.00014652256479
0.969553487324 0.000146488864437 0.000146488864437 0.000146488864437 0.000146488864437 0.0240456656337 0.00581489158463
0.000101963713062 0.752725832813 0.246764348622 0.000101963713062 0.000101963713062 0.000101963713062 0.000101963713062
0.98781942662 0.00014652563791 0.00014652563791 0.00014652563791 0.00014652563791 0.0114479451904 0.00014652563791
0.989514955235 0.000146366385775 0.000146366385775 0.000146366385775 0.00975321283613 0.000146366385775 0.000146366385775
0.979767058476 0.000146331765408 0.000146331765408 0.000146331765408 0.0195012826974 0.000146331765408 0.000146331765408
0.000102115927364 0.789639586616 0.209849833747 0.000102115927364 0.000102115927364 0.000102115927364 0.000102115927364
0.000101475709477 0.213549867217 0.785942754235 0.000101475709477 0.000101475709477 0.000101475709477 0.000101475709477
0.990665178897 0.000146492643912 0.000146492643912 0.000753702616225 0.0079951479113 0.000146492643912 0.000146492643912
0.98519708399 0.000145941536258 0.000145941536258 0.000145941536258 0.0140732083283 0.000145941536258 0.000145941536258
0.000101387338564 0.537986312311 0.461506750996 0.000101387338564 0.000101387338564 0.000101387338564 0.000101387338564
0.95054242754 0.00014647809127 0.00014647809127 0.00014647809127 0.00014647809127 0.0299780302203 0.0188936298744
0.994847217767 0.000146476318599 0.000146476318599 0.00033863712976 0.000146476318599 0.00422823982843 0.000146476318599
0.000101076800982 0.000101076800982 0.000101076800982 0.999393539194 0.000101076800982 0.000101076800982 0.000101076800982
0.988833243206 0.000146608865439 0.000146608865439 0.000146608865439 0.000146608865439 0.010433712467 0.000146608865439
0.994674652818 0.000146585251378 0.000146585251378 0.00121898673543 0.000146585251378 0.00352001944103 0.000146585251378
0.000102692914621 0.000102692914621 0.000102692914621 0.000102692914621 0.999383842512 0.000102692914621 0.000102692914621
0.993058897252 0.000146390934727 0.000146390934727 0.000146390934727 0.00620914807446 0.000146390934727 0.000146390934727
0.986372838505 0.000146272831369 0.000146272831369 0.000146272831369 0.0128957973385 0.000146272831369 0.000146272831369
0.99396865515 0.000146612393808 0.000146612393808 0.000984788420507 0.000146612393808 0.0044601068547 0.000146612393808
0.989815517146 0.000146262831795 0.000146262831795 0.000146262831795 0.00945316869486 0.000146262831795 0.000146262831795
0.969846319523 0.000146517564522 0.000146517564522 0.000146517564522 0.000146517564522 0.0159968399102 0.0135707703092
0.000100981262921 0.000100981262921 0.000100981262921 0.999394112422 0.000100981262921 0.000100981262921 0.000100981262921
0.000101056941328 0.000101056941328 0.000101056941328 0.999393658352 0.000101056941328 0.000101056941328 0.000101056941328
0.972223348999 0.00014650209478 0.00014650209478 0.00014650209478 0.00014650209478 0.0237758012442 0.00341484137795
0.98228858805 0.000146164341151 0.000146164341151 0.000146164341151 0.0169805902442 0.000146164341151 0.000146164341151
0.000101034222558 0.999393794665 0.000101034222558 0.000101034222558 0.000101034222558 0.000101034222558 0.000101034222558
0.000101064216813 0.000101064216813 0.000101064216813 0.999393614699 0.000101064216813 0.000101064216813 0.000101064216813
0.992081086877 0.000146599546824 0.000146599546824 0.000146599546824 0.000146599546824 0.00718591538892 0.000146599546824
0.000102606703771 0.000102606703771 0.000102606703771 0.000102606703771 0.999384359777 0.000102606703771 0.000102606703771
0.98231672725 0.000146117287619 0.000146117287619 0.000146117287619 0.0169526863117 0.000146117287619 0.000146117287619
0.948099682951 0.000146140901766 0.000146140901766 0.000146140901766 0.000146140901766 0.0317159325678 0.0195998208741
0.996290826752 0.000146524854535 0.000146524854535 0.00142389923384 0.000146524854535 0.0016991745962 0.000146524854535
0.964256315719 0.000146159965551 0.000146159965551 0.000146159965551 0.000146159965551 0.0151620802028 0.0199969642163
0.988041669952 0.000146598982378 0.000146598982378 0.000146598982378 0.000146598982378 0.011225335136 0.000146598982378
0.000101378503788 0.000101378503788 0.000101378503788 0.000101378503788 0.000101378503788 0.000101378503788 0.999391728977
0.965795289137 0.000146525261051 0.000146525261051 0.000146525261051 0.000146525261051 0.0224305576503 0.0111880521685
0.990926240284 0.000146482637488 0.000146482637488 0.00141794310066 0.00706988606517 0.000146482637488 0.000146482637488
0.996531551116 0.000146482063465 0.000146482063465 0.00164844160422 0.00116593310057 0.000214627988959 0.000146482063465
0.991718541847 0.000146402473612 0.000146402473612 0.000146402473612 0.00754944578451 0.000146402473612 0.000146402473612
0.000100769551813 0.999395382689 0.000100769551813 0.000100769551813 0.000100769551813 0.000100769551813 0.000100769551813
0.960018493665 0.0149872923084 0.000146750255815 0.00846958183972 0.0116011727323 0.00462995894313 0.000146750255815
0.984272366326 0.000146573436546 0.000146573436546 0.000146573436546 0.000146573436546 0.0133565332561 0.00178480667165
0.992539513801 0.000146327925403 0.000146327925403 0.000146327925403 0.00672884657244 0.000146327925403 0.000146327925403
0.000102041497349 0.000102041497349 0.000102041497349 0.000102041497349 0.000102041497349 0.999387751016 0.000102041497349
0.982550527451 0.000146223089171 0.000146223089171 0.000146223089171 0.0167183571031 0.000146223089171 0.000146223089171
0.977745492303 0.000146317629802 0.000146317629802 0.000146317629802 0.0215229195476 0.000146317629802 0.000146317629802
0.987660217671 0.000146497903361 0.000146497903361 0.000146497903361 0.0116072928124 0.000146497903361 0.000146497903361
0.983511053481 0.000146262612265 0.000146262612265 0.000146262612265 0.000146262612265 0.0127146822264 0.00318921384387
0.973185328249 0.000146233448265 0.000146233448265 0.000146233448265 0.000146233448265 0.0187952888798 0.00743444907784
0.919688316243 0.000146035311663 0.000146035311663 0.000146035311663 0.000146035311663 0.0418079216699 0.0379196208405
0.993501411568 0.000146264687458 0.000146264687458 0.000146264687458 0.00576726499422 0.000146264687458 0.000146264687458
0.99226180407 0.000146617429329 0.000146617429329 0.00133691415569 0.000146617429329 0.00581481205654 0.000146617429329
0.969898401636 0.000146192838698 0.000146192838698 0.000146192838698 0.000146192838698 0.0198681035268 0.00964872348211
0.993503320096 0.000146592259052 0.000146592259052 0.00081047333783 0.000146592259052 0.00509983752997 0.000146592259052
0.99334570606 0.000146584717582 0.000146584717582 0.00189020063065 0.00417775443866 0.000146584717582 0.000146584717582
0.959989486131 0.000146459285485 0.000146459285485 0.000146459285485 0.000146459285485 0.0239288862973 0.0154957904296
0.991217977746 0.000146242376656 0.000146242376656 0.000146242376656 0.00805081037048 0.000146242376656 0.000146242376656
0.000102448921002 0.000102448921002 0.000102448921002 0.000102448921002 0.999385306474 0.000102448921002 0.000102448921002
0.000101292401517 0.000101292401517 0.000101292401517 0.999392245591 0.000101292401517 0.000101292401517 0.000101292401517
0.944921071376 0.000146288176486 0.000146288176486 0.000146288176486 0.000146288176486 0.0334655948469 0.0210281810714
0.992173885449 0.000146401499035 0.000146401499035 0.000146401499035 0.00709410705577 0.000146401499035 0.000146401499035
0.958021343314 0.0158668853152 0.000146651935343 0.00680892092377 0.0130857697223 0.00531171649325 0.000758712296184
0.992021163254 0.00014640096954 0.00014640096954 0.00014640096954 0.00724683189816 0.00014640096954 0.00014640096954
0.985117516497 0.00014628344535 0.00014628344535 0.00014628344535 0.0141510662762 0.00014628344535 0.00014628344535
0.990994449428 0.000146677983463 0.000146677983463 0.00149806092663 0.000146677983463 0.00692077771153 0.000146677983463
0.968654096325 0.000146377833789 0.000146377833789 0.000146377833789 0.000146377833789 0.0239927503365 0.0067676420037
0.991250208977 0.00014642343952 0.00014642343952 0.000498794586971 0.007665302678 0.00014642343952 0.00014642343952
0.000102598612178 0.999384408327 0.000102598612178 0.000102598612178 0.000102598612178 0.000102598612178 0.000102598612178
0.950132082145 0.000146229482287 0.000146229482287 0.000146229482287 0.000146229482287 0.0322961253806 0.016986874545
0.000101450405347 0.000101450405347 0.000101450405347 0.999391297568 0.000101450405347 0.000101450405347 0.000101450405347
0.960300164803 0.000146376435416 0.000146376435416 0.000146376435416 0.000146376435416 0.025637063792 0.0134772656628
0.986108256202 0.000146548755732 0.000146548755732 0.000146548755732 0.000146548755732 0.0126839392916 0.000621609483893
0.000101419894347 0.000101419894347 0.000101419894347 0.999391480634 0.000101419894347 0.000101419894347 0.000101419894347
0.994499581249 0.000146604427357 0.000146604427357 0.00168363560024 0.00323036544146 0.000146604427357 0.000146604427357
0.985278059293 0.000146345957834 0.000146345957834 0.000146345957834 0.0139902109176 0.000146345957834 0.000146345957834
0.000101742259449 0.998969605767 0.000521682936195 0.000101742259449 0.000101742259449 0.000101742259449 0.000101742259449
0.000102044121271 0.000102044121271 0.000102044121271 0.000102044121271 0.000102044121271 0.999387735272 0.000102044121271
0.99011901686 0.00014647879601 0.00014647879601 0.000358169140467 0.00893689881583 0.00014647879601 0.00014647879601
0.943614726088 0.000146440019028 0.000146440019028 0.000146440019028 0.000146440019028 0.0303196537141 0.0254798601217
0.000101703451253 0.999389779292 0.000101703451253 0.000101703451253 0.000101703451253 0.000101703451253 0.000101703451253
0.991631391642 0.000745330129392 0.000146575771926 0.00134198253852 0.00584156837385 0.000146575771926 0.000146575771926
0.995226468705 0.000146622869078 0.000146622869078 0.00145904606604 0.000146622869078 0.00272799375262 0.000146622869078
0.989278179949 0.000146058389676 0.000146058389676 0.000146058389676 0.00999152810302 0.000146058389676 0.000146058389676
0.993535240425 0.000146582793693 0.000146582793693 0.000697226779224 0.00518120162097 0.000146582793693 0.000146582793693
0.987254609728 0.000146586702703 0.000146586702703 0.000146586702703 0.000146586702703 0.0119888266167 0.000170216844247
0.978510416548 0.000146351312489 0.000146351312489 0.000146351312489 0.000146351312489 0.0147622293591 0.00614194884324
0.981881693856 0.000146250508708 0.000146250508708 0.000146250508708 0.0173870536006 0.000146250508708 0.000146250508708
0.000101964783746 0.000101964783746 0.999388211298 0.000101964783746 0.000101964783746 0.000101964783746 0.000101964783746
0.000101224645478 0.000101224645478 0.000101224645478 0.999392652127 0.000101224645478 0.000101224645478 0.000101224645478
0.982375392775 0.000146132856312 0.000146132856312 0.000146132856312 0.0168939429437 0.000146132856312 0.000146132856312
0.996296858052 0.000146456069469 0.000146456069469 0.00071208635737 0.00240523131231 0.000146456069469 0.000146456069469
0.987651300111 0.00014651182682 0.00014651182682 0.00014651182682 0.00014651182682 0.0116161407546 0.00014651182682
0.000102774431313 0.079862622546 0.913452902489 0.000102774431313 0.000102774431313 0.000102774431313 0.00627337723957
0.996345089083 0.000146510516571 0.000146510516571 0.00136360056641 0.000146510516571 0.0017052682846 0.000146510516571
0.986536989953 0.00238072777485 0.00014642283981 0.00014642283981 0.0104965909127 0.00014642283981 0.00014642283981
0.982292859868 0.000146182384846 0.000146182384846 0.000146182384846 0.0169762282082 0.000146182384846 0.000146182384846
0.000100874581024 0.000100874581024 0.000100874581024 0.999394752514 0.000100874581024 0.000100874581024 0.000100874581024
0.000102395171973 0.863328027584 0.136159996556 0.000102395171973 0.000102395171973 0.000102395171973 0.000102395171973
0.967219143212 0.000146349611296 0.000146349611296 0.000146349611296 0.000146349611296 0.0184153694581 0.0137800888844
0.98627825568 0.00014617824377 0.00014617824377 0.00014617824377 0.0129908531013 0.00014617824377 0.00014617824377
0.99545186518 0.000146411314195 0.000146411314195 0.000270231527453 0.000167250463369 0.0036714188869 0.000146411314195
0.0001009636221 0.0001009636221 0.0001009636221 0.999394218267 0.0001009636221 0.0001009636221 0.0001009636221
0.991304501945 0.00014661885014 0.00014661885014 0.00147052457707 0.00014661885014 0.00663849807729 0.00014661885014
0.986851107913 0.00282892085206 0.000146526124289 0.000146526124289 0.00973386673788 0.000146526124289 0.000146526124289
0.980812276519 0.00387381038314 0.000146579534301 0.000146579534301 0.0147275949606 0.000146579534301 0.000146579534301
0.000102094775758 0.921260556064 0.0782289700575 0.000102094775758 0.000102094775758 0.000102094775758 0.000102094775758
0.974689209163 0.000146618735519 0.000146618735519 0.000146618735519 0.000146618735519 0.0202581749949 0.00446614089981
0.991730134014 0.000146373298512 0.000146373298512 0.000146373298512 0.00753799949357 0.000146373298512 0.000146373298512
0.956120350321 0.000146611385048 0.000146611385048 0.000146611385048 0.000146611385048 0.0252539486754 0.0180392554633
0.985952418758 0.000146616111022 0.000146616111022 0.000146616111022 0.000146616111022 0.0131712996652 0.000289817132185
0.995616586647 0.000146567315905 0.000146567315905 0.000796164270955 0.000370001676971 0.00277754545721 0.000146567315905
0.00010152936464 0.315290885276 0.684201467901 0.00010152936464 0.00010152936464 0.00010152936464 0.00010152936464
0.00010144546 0.86992703194 0.12956574076 0.00010144546 0.00010144546 0.00010144546 0.00010144546
0.00010345247612 0.00010345247612 0.00010345247612 0.00010345247612 0.00010345247612 0.999379285143 0.00010345247612
0.000101017972357 0.000101017972357 0.000101017972357 0.999393892166 0.000101017972357 0.000101017972357 0.000101017972357
0.994881114626 0.000146555026653 0.000146555026653 0.00108736827665 0.00110155443992 0.0024902975777 0.000146555026653
0.988508270904 0.000146243651669 0.000146243651669 0.000146243651669 0.0107605108372 0.000146243651669 0.000146243651669
0.93194420045 0.000146162887478 0.000146162887478 0.000146162887478 0.000146162887478 0.0351274551201 0.0323436928801
0.98737457596 0.00116063334738 0.000146353300325 0.000146353300325 0.00941219198082 0.00136723531408 0.00039265679752
0.000100870877755 0.999394774733 0.000100870877755 0.000100870877755 0.000100870877755 0.000100870877755 0.000100870877755
0.99663358824 0.000146532918091 0.000146532918091 0.00132328287651 0.000146532918091 0.00145699721093 0.000146532918091
0.975264668696 0.000146505329318 0.000146505329318 0.000389082544753 0.000146505329318 0.0178719098784 0.0060348228934
0.995388931703 0.000146507134082 0.000146507134082 0.000882961252373 0.000146507134082 0.00314207850798 0.000146507134082
0.000100976555157 0.999394140669 0.000100976555157 0.000100976555157 0.000100976555157 0.000100976555157 0.000100976555157
0.994210435062 0.000146628595367 0.000146628595367 0.000591111738459 0.000146628595367 0.00461193881843 0.000146628595367
0.990253567275 0.000146620806845 0.000146620806845 0.000890736694247 0.00341452929173 0.00500130431825 0.000146620806845
0.000101312965137 0.349157965384 0.65033546979 0.000101312965137 0.000101312965137 0.000101312965137 0.000101312965137
0.000102751340338 0.000102751340338 0.000102751340338 0.000102751340338 0.999383491958 0.000102751340338 0.000102751340338
0.000101227328782 0.000101227328782 0.000101227328782 0.999392636027 0.000101227328782 0.000101227328782 0.000101227328782
0.948559943525 0.000146309560166 0.000146309560166 0.000146309560166 0.000146309560166 0.0272436391441 0.0236111790904
0.992180993787 0.000146618754332 0.000146618754332 0.000740597225537 0.000146618754332 0.00649193397016 0.000146618754332
0.000101422442437 0.424390886169 0.575102001619 0.000101422442437 0.000101422442437 0.000101422442437 0.000101422442437
0.000101517801293 0.858858383175 0.140634027818 0.000101517801293 0.000101517801293 0.000101517801293 0.000101517801293
0.000101744770901 0.000101744770901 0.000434773074091 0.000101744770901 0.000101744770901 0.000101744770901 0.999056503071
0.981792276837 0.000146083746361 0.000146083746361 0.000146083746361 0.0174773044315 0.000146083746361 0.000146083746361
0.986163099736 0.000146508813757 0.000146508813757 0.000146508813757 0.0131043561954 0.000146508813757 0.000146508813757
0.967541199671 0.000146708460611 0.000146708460611 0.000510872425327 0.000146708460611 0.0216914372795 0.00981636524248
0.995724182962 0.000146554817337 0.000146554817337 0.00173807936104 0.000146554817337 0.00195151840786 0.000146554817337
0.982988133581 0.000146103317898 0.000146103317898 0.000146103317898 0.0162813498292 0.000146103317898 0.000146103317898
0.967284618037 0.000146485214403 0.000146485214403 0.000146485214403 0.000146485214403 0.022831269638 0.00929817146748
0.98523130674 0.000146586203679 0.000146586203679 0.000146586203679 0.0103876994994 0.000950652242172 0.00299058290759
0.95584997924 0.00014660812366 0.00014660812366 0.00014660812366 0.00014660812366 0.0281081052835 0.0154554829819
0.993767724596 0.000146242609408 0.000146242609408 0.000146242609408 0.00550106235691 0.000146242609408 0.000146242609408
0.957207009815 0.000146541750428 0.000146541750428 0.000146541750428 0.000146541750428 0.0209742637244 0.0212325594586
0.98779116482 0.000146467403061 0.000146467403061 0.000146467403061 0.0114764981642 0.000146467403061 0.000146467403061
0.991174037574 0.000146314150712 0.000146314150712 0.000146314150712 0.00809439167197 0.000146314150712 0.000146314150712
0.994199902297 0.000146387824188 0.000146387824188 0.000146387824188 0.00506815858213 0.000146387824188 0.000146387824188
0.985954187977 0.000146127135558 0.000146127135558 0.000146127135558 0.0133151763454 0.000146127135558 0.000146127135558
0.986753888081 0.000146504427161 0.000146504427161 0.000146504427161 0.000146504427161 0.0125135897834 0.000146504427161
0.980619091385 0.000146252356136 0.000146252356136 0.000146252356136 0.0186496468346 0.000146252356136 0.000146252356136
0.994654588791 0.000146453127804 0.000146453127804 0.000146453127804 0.000146453127804 0.00461314557006 0.000146453127804
0.980797719389 0.000146280544834 0.000146280544834 0.000146280544834 0.0184708778873 0.000146280544834 0.000146280544834
0.000101557961644 0.855913600637 0.143578609555 0.000101557961644 0.000101557961644 0.000101557961644 0.000101557961644
0.992271421127 0.000146357895877 0.000146357895877 0.000146357895877 0.000146357895877 0.00693029417659 0.000212853113019
0.9425541401 0.000146241152983 0.000146241152983 0.000146241152983 0.000146241152983 0.034264743641 0.0225961516475
0.993331161368 0.000146623081032 0.000146623081032 0.000395974728247 0.000146623081032 0.00568637157972 0.000146623081032
0.958713632517 0.00907009900037 0.000146737432348 0.00451427385517 0.0122214162955 0.0056243694361 0.00970947146392
0.95479692952 0.000146369185517 0.000146369185517 0.000146369185517 0.000146369185517 0.0278100221801 0.016807571558
0.929918151111 0.000146445447294 0.000146445447294 0.000146445447294 0.000146445447294 0.0225006810502 0.04699538605
0.972908788084 0.000146530469446 0.000146530469446 0.000146530469446 0.000146530469446 0.0184692916535 0.00803579838482
0.00010088624728 0.999394682516 0.00010088624728 0.00010088624728 0.00010088624728 0.00010088624728 0.00010088624728
0.000101312597209 0.000101312597209 0.000101312597209 0.999392124417 0.000101312597209 0.000101312597209 0.000101312597209
0.988704745069 0.00014642687119 0.00014642687119 0.00066237834775 0.0022740571168 0.00791953885252 0.00014642687119
0.992361664179 0.000146575278359 0.000146575278359 0.000146575278359 0.000146575278359 0.00690545942943 0.000146575278359
0.000103118292745 0.000103118292745 0.000103118292745 0.999381290244 0.000103118292745 0.000103118292745 0.000103118292745
0.967292567332 0.000146584377931 0.000146584377931 0.000146584377931 0.000146584377931 0.023236304736 0.00888479042018
0.000102446784769 0.00479490093546 0.000102446784769 0.000102446784769 0.000102446784769 0.000102446784769 0.994692865141
0.000100986776745 0.000100986776745 0.000100986776745 0.99939407934 0.000100986776745 0.000100986776745 0.000100986776745
0.989078213352 0.00315316263842 0.000146653722702 0.000362752635152 0.00679878711643 0.000313776812857 0.000146653722702
0.0001022747163 0.0001022747163 0.0001022747163 0.999386351702 0.0001022747163 0.0001022747163 0.0001022747163
0.000101135274488 0.904388609038 0.0951057145898 0.000101135274488 0.000101135274488 0.000101135274488 0.000101135274488
0.988902016462 0.000146726727045 0.000146726727045 0.000680762251922 0.000146726727045 0.00943306940445 0.000543971700958
0.000102469805436 0.000102469805436 0.999385181167 0.000102469805436 0.000102469805436 0.000102469805436 0.000102469805436
0.980731431924 0.000146201054012 0.000146201054012 0.000146201054012 0.0185375628062 0.000146201054012 0.000146201054012
0.992119410544 0.000146355110001 0.000146355110001 0.000206186673895 0.00708898234176 0.000146355110001 0.000146355110001
0.000101968041418 0.000101968041418 0.000101968041418 0.000101968041418 0.000101968041418 0.999388191751 0.000101968041418
0.99430900784 0.000146520898606 0.000146520898606 0.000146520898606 0.000146520898606 0.00495838766657 0.000146520898606
0.993650830744 0.000146663869385 0.000146663869385 0.00180900718511 0.000993622436845 0.00310654802582 0.000146663869385
0.000101629988652 0.953945738193 0.0455461118633 0.000101629988652 0.000101629988652 0.000101629988652 0.000101629988652
0.961103056017 0.000146461891721 0.000146461891721 0.000146461891721 0.000146461891721 0.0221170214904 0.0161940749252
0.95448941361 0.000146475074764 0.000146475074764 0.000146475074764 0.000146475074764 0.0284163023232 0.0165083837679
0.993231117264 0.000146679255437 0.000146679255437 0.00212022886065 0.00259590578116 0.00161271032808 0.000146679255437
0.000101578791314 0.000101578791314 0.000101578791314 0.000101578791314 0.000101578791314 0.000101578791314 0.999390527252
0.954211588697 0.000146295970841 0.000146295970841 0.000146295970841 0.000146295970841 0.0312371283258 0.013966099094
0.969222736475 0.000146120861418 0.000146120861418 0.000146120861418 0.000146120861418 0.0191525115056 0.0110402685733
0.993005111986 0.000146572223399 0.000146572223399 0.000684367809212 0.000146572223399 0.00572423131148 0.000146572223399
0.985302019234 0.000146073662855 0.000146073662855 0.000146073662855 0.013967612452 0.000146073662855 0.000146073662855
0.000101065763845 0.000101065763845 0.000101065763845 0.999393605417 0.000101065763845 0.000101065763845 0.000101065763845
0.982676359493 0.000146328907497 0.000146328907497 0.000146328907497 0.0165919959699 0.000146328907497 0.000146328907497
0.000102387788463 0.999385673269 0.000102387788463 0.000102387788463 0.000102387788463 0.000102387788463 0.000102387788463
0.986012403343 0.000146296481101 0.000146296481101 0.000146296481101 0.0132561142516 0.000146296481101 0.000146296481101
0.00010187659314 0.889463350452 0.110027266582 0.00010187659314 0.00010187659314 0.00010187659314 0.00010187659314
0.982279803207 0.00014626180849 0.00014626180849 0.00014626180849 0.0169888877502 0.00014626180849 0.00014626180849
0.983633931573 0.00152964195939 0.000146232425602 0.000146232425602 0.0142514967649 0.000146232425602 0.000146232425602
0.989021986856 0.00014630764523 0.00014630764523 0.00014630764523 0.0102464749178 0.00014630764523 0.00014630764523
0.988370296536 0.000146587505236 0.000146587505236 0.000146587505236 0.0108967659381 0.000146587505236 0.000146587505236
0.000102345111437 0.000102345111437 0.000102345111437 0.000102345111437 0.999385929331 0.000102345111437 0.000102345111437
0.000104021637518 0.900315175411 0.0415663966147 0.000104021637518 0.000104021637518 0.0577023414242 0.000104021637518
0.000102146680625 0.000102146680625 0.000102146680625 0.999387119916 0.000102146680625 0.000102146680625 0.000102146680625
0.966521069333 0.000146659346609 0.000146659346609 0.000146659346609 0.000146659346609 0.018684071201 0.01420822208
0.00010330230214 0.00010330230214 0.00010330230214 0.00010330230214 0.00010330230214 0.00010330230214 0.999380186187
0.000101617083136 0.0745119207373 0.924979993847 0.000101617083136 0.000101617083136 0.000101617083136 0.000101617083136
0.000101733469757 0.586900373802 0.412590958849 0.000101733469757 0.000101733469757 0.000101733469757 0.000101733469757
0.000102435095226 0.917045249234 0.0824425752896 0.000102435095226 0.000102435095226 0.000102435095226 0.000102435095226
0.947267163518 0.000146327145652 0.000146327145652 0.000146327145652 0.000146327145652 0.0319910650023 0.0201564628976
0.984636625544 0.000146493206411 0.000146493206411 0.000146493206411 0.0146309084239 0.000146493206411 0.000146493206411
0.993886987695 0.000146483445848 0.000146483445848 0.000146483445848 0.000146483445848 0.00538059507604 0.000146483445848
0.000101126382989 0.000101126382989 0.000101126382989 0.999393241702 0.000101126382989 0.000101126382989 0.000101126382989
0.000101785183663 0.999064428119 0.000426645963042 0.000101785183663 0.000101785183663 0.000101785183663 0.000101785183663
0.000101095783864 0.000101095783864 0.000101095783864 0.999393425297 0.000101095783864 0.000101095783864 0.000101095783864
0.000100878300541 0.000100878300541 0.000100878300541 0.999394730197 0.000100878300541 0.000100878300541 0.000100878300541
0.93544492942 0.00014605325191 0.00014605325191 0.00014605325191 0.00014605325191 0.0365634168513 0.0274074407207
0.000100758303157 0.999395450181 0.000100758303157 0.000100758303157 0.000100758303157 0.000100758303157 0.000100758303157
0.000101551875608 0.950211613495 0.0492806271273 0.000101551875608 0.000101551875608 0.000101551875608 0.000101551875608
0.988513703041 0.000146546861014 0.000146546861014 0.000146546861014 0.000146546861014 0.0107535626542 0.000146546861014
0.982293437635 0.000146065285135 0.000146065285135 0.000146065285135 0.0169762359396 0.000146065285135 0.000146065285135
0.984318613158 0.000146515723569 0.000146515723569 0.000146515723569 0.000146515723569 0.0146747243321 0.000420599615657
0.981640510905 0.000146424439519 0.000146424439519 0.000146424439519 0.0176273668979 0.000146424439519 0.000146424439519
0.980089883606 0.000146291512658 0.000146291512658 0.000146291512658 0.0191786588304 0.000146291512658 0.000146291512658
0.000101201000736 0.446658635761 0.552835359235 0.000101201000736 0.000101201000736 0.000101201000736 0.000101201000736
0.000101077141178 0.000101077141178 0.000101077141178 0.999393537153 0.000101077141178 0.000101077141178 0.000101077141178
0.000100846826173 0.000100846826173 0.000100846826173 0.999394919043 0.000100846826173 0.000100846826173 0.000100846826173
0.000101213262579 0.000101213262579 0.000101213262579 0.999392720425 0.000101213262579 0.000101213262579 0.000101213262579
0.996087352122 0.000146564471806 0.000146564471806 0.00149749068126 0.000880774765544 0.00109468901546 0.000146564471806
0.950657904981 0.000146112892893 0.000146112892893 0.000146112892893 0.000146112892893 0.0316145966811 0.0171430467664
0.992925154222 0.000146363319935 0.000146363319935 0.000146363319935 0.00634302917851 0.000146363319935 0.000146363319935
0.000101545866891 0.000101545866891 0.00418924765133 0.000101545866891 0.000101545866891 0.000101545866891 0.995303023014
0.997728422657 0.000146422474222 0.000146422474222 0.00135015987959 0.000335727566324 0.000146422474222 0.000146422474222
0.988528846301 0.000146641676355 0.000146641676355 0.000146641676355 0.000146641676355 0.0107379453176 0.000146641676355
0.989979773993 0.000146385909304 0.000146385909304 0.000146385909304 0.00928829646022 0.000146385909304 0.000146385909304
0.950073818188 0.000146518083823 0.000146518083823 0.000146518083823 0.000146518083823 0.0291848698952 0.0201552395813
0.000101640208179 0.000101640208179 0.000101640208179 0.000101640208179 0.000101640208179 0.000101640208179 0.999390158751
0.958921773987 0.00125627618026 0.000146699010204 0.0029860346815 0.000146699010204 0.0229460420136 0.0135964751172
0.922418165609 0.000146309325805 0.000146309325805 0.000146309325805 0.000146309325805 0.0380175579177 0.0389790391699
0.994924868889 0.000146302020377 0.000146302020377 0.000146302020377 0.00434362100949 0.000146302020377 0.000146302020377
0.000100963270403 0.000100963270403 0.000100963270403 0.999394220378 0.000100963270403 0.000100963270403 0.000100963270403
0.979624226889 0.000146192474081 0.000146192474081 0.000146192474081 0.0196448107406 0.000146192474081 0.000146192474081
0.993633182588 0.000146594006456 0.000146594006456 0.00134051374694 0.000739289941369 0.00384723170474 0.000146594006456
0.954592604556 0.00182285183642 0.0090158556978 0.0084023228581 0.000743489547345 0.0166268601002 0.00879601540453
0.000102736834145 0.000102736834145 0.000102736834145 0.000102736834145 0.999383578995 0.000102736834145 0.000102736834145
0.000102406819311 0.000102406819311 0.000102406819311 0.000102406819311 0.999385559084 0.000102406819311 0.000102406819311
0.990863686816 0.000146495156184 0.000146495156184 0.000430325831651 0.00180799870006 0.00645850318401 0.000146495156184
0.000101781750339 0.000101781750339 0.000101781750339 0.999389309498 0.000101781750339 0.000101781750339 0.000101781750339
0.981149811551 0.000146263487943 0.000146263487943 0.000146263487943 0.0181188710091 0.000146263487943 0.000146263487943
0.976947190855 0.00014622629591 0.00014622629591 0.00014622629591 0.0223216776655 0.00014622629591 0.00014622629591
0.987026679487 0.000146506309971 0.000146506309971 0.000146506309971 0.000146506309971 0.0122407889634 0.000146506309971
0.000100937321747 0.99939437607 0.000100937321747 0.000100937321747 0.000100937321747 0.000100937321747 0.000100937321747
0.000102109930275 0.000102109930275 0.000102109930275 0.999387340418 0.000102109930275 0.000102109930275 0.000102109930275
0.983526536769 0.000146123218966 0.000146123218966 0.000146123218966 0.015742847136 0.000146123218966 0.000146123218966
0.992991531963 0.000146285588562 0.000146285588562 0.000146285588562 0.00627704009434 0.000146285588562 0.000146285588562
0.000101657393595 0.00792935919484 0.000101657393595 0.000101657393595 0.000101657393595 0.000101657393595 0.991562353837
0.000101889040702 0.000101889040702 0.000101889040702 0.000101889040702 0.000101889040702 0.999388665756 0.000101889040702
0.997552949445 0.000146392822731 0.000146392822731 0.00116490711245 0.000696572151645 0.000146392822731 0.000146392822731
0.000101200799248 0.000101200799248 0.000101200799248 0.999392795205 0.000101200799248 0.000101200799248 0.000101200799248
0.987895284873 0.000146619388555 0.000146619388555 0.00526257370017 0.00625566387244 0.000146619388555 0.000146619388555
0.000100922199953 0.000100922199953 0.000100922199953 0.9993944668 0.000100922199953 0.000100922199953 0.000100922199953
0.982671163064 0.000146159223301 0.000146159223301 0.000146159223301 0.0165980408193 0.000146159223301 0.000146159223301
0.989678061938 0.000146087140732 0.000146087140732 0.000146087140732 0.00959150235865 0.000146087140732 0.000146087140732
0.994568260732 0.000146341953646 0.000146341953646 0.000698789627259 0.00414758182599 0.000146341953646 0.000146341953646
0.995798039487 0.000146133611002 0.000146133611002 0.000146133611002 0.00347129245845 0.000146133611002 0.000146133611002
0.988864326432 0.00014674952648 0.00014674952648 0.00119349340148 0.00014674952648 0.00935518206016 0.00014674952648
0.000100977807524 0.999394133155 0.000100977807524 0.000100977807524 0.000100977807524 0.000100977807524 0.000100977807524
0.994950347184 0.000146540031098 0.000146540031098 0.00117160751131 0.0026236000743 0.000814825137419 0.000146540031098
0.992690418024 0.000146667247204 0.000146667247204 0.00237263796174 0.000357749354054 0.00413919291846 0.000146667247204
0.989747415953 0.000146655176385 0.000146655176385 0.000146655176385 0.000146655176385 0.00951930816458 0.000146655176385
0.000101080351728 0.000101080351728 0.000101080351728 0.99939351789 0.000101080351728 0.000101080351728 0.000101080351728
0.990841567613 0.000146442286418 0.000146442286418 0.000146442286418 0.00842622095447 0.000146442286418 0.000146442286418
0.981934621499 0.000146229863303 0.000146229863303 0.000146229863303 0.0173342291846 0.000146229863303 0.000146229863303
0.963315745291 0.000146212758099 0.000146212758099 0.000146212758099 0.000146212758099 0.0185884372067 0.0175109664694
