0.00010105234577 0.999191581234 0.00010105234577 0.00010105234577 0.00010105234577 0.00010105234577 0.00010105234577 0.00010105234577 0.00010105234577
0.000124667911534 0.000124667911534 0.000124667911534 0.000124667911534 0.000124667911534 0.000124667911534 0.000124667911534 0.449317481888 0.549809842731
0.000102075098677 0.000102075098677 0.000102075098677 0.999183399211 0.000102075098677 0.000102075098677 0.000102075098677 0.000102075098677 0.000102075098677
0.000118292651608 0.000118292651608 0.000118292651608 0.000118292651608 0.000118292651608 0.000118292651608 0.000118292651608 0.999053658787 0.000118292651608
0.000101535958843 0.000101535958843 0.999187712329 0.000101535958843 0.000101535958843 0.000101535958843 0.000101535958843 0.000101535958843 0.000101535958843
0.000126480986913 0.000126480986913 0.000126480986913 0.000126480986913 0.000126480986913 0.000126480986913 0.000126480986913 0.17385729097 0.825257342122
0.000124355594075 0.000124355594075 0.000124355594075 0.000124355594075 0.000124355594075 0.000124355594075 0.000124355594075 0.000124355594075 0.999005155247
0.000127189483744 0.000127189483744 0.000127189483744 0.000127189483744 0.000127189483744 0.000127189483744 0.000127189483744 0.0562757865303 0.942833887084
0.000101033355588 0.999191733155 0.000101033355588 0.000101033355588 0.000101033355588 0.000101033355588 0.000101033355588 0.000101033355588 0.000101033355588
0.000128987587341 0.000128987587341 0.000128987587341 0.000128987587341 0.000128987587341 0.000128987587341 0.000128987587341 0.349950608943 0.649146477946
0.000118708697788 0.000118708697788 0.000118708697788 0.000118708697788 0.000118708697788 0.000118708697788 0.000118708697788 0.000118708697788 0.999050330418
0.000101298373663 0.000101298373663 0.999189613011 0.000101298373663 0.000101298373663 0.000101298373663 0.000101298373663 0.000101298373663 0.000101298373663
0.000102316461466 0.000102316461466 0.000102316461466 0.000102316461466 0.999181468308 0.000102316461466 0.000102316461466 0.000102316461466 0.000102316461466
0.00012627311146 0.00012627311146 0.00012627311146 0.00012627311146 0.00012627311146 0.00012627311146 0.00012627311146 0.59966187817 0.39945421005
0.000125685228842 0.000125685228842 0.000125685228842 0.000125685228842 0.000125685228842 0.000125685228842 0.000125685228842 0.0212260567017 0.977894146696
0.000101724672945 0.000101724672945 0.000101724672945 0.942283018843 0.000101724672945 0.0570049084468 0.000101724672945 0.000101724672945 0.000101724672945
0.00673743406845 0.00220972482784 0.000123217381075 0.000123217381075 0.000123217381075 0.000123217381075 0.00541914520423 0.985017608994 0.000123217381075
0.00012315180795 0.00012315180795 0.00012315180795 0.00012315180795 0.00012315180795 0.00012315180795 0.00012315180795 0.764084250521 0.235053686823
0.000100974014121 0.000100974014121 0.287384088998 0.711909092904 0.000100974014121 0.000100974014121 0.000100974014121 0.000100974014121 0.000100974014121
0.000124515725742 0.000124515725742 0.000124515725742 0.000124515725742 0.000124515725742 0.000124515725742 0.000124515725742 0.191971267791 0.807157122129
0.000101220940416 0.000101220940416 0.700391830522 0.298899622895 0.000101220940416 0.000101220940416 0.000101220940416 0.000101220940416 0.000101220940416
0.000111269432381 0.000111269432381 0.000111269432381 0.000111269432381 0.000111269432381 0.000111269432381 0.999109844541 0.000111269432381 0.000111269432381
0.000121006145276 0.000121006145276 0.000121006145276 0.000121006145276 0.000121006145276 0.000121006145276 0.000121006145276 0.999031950838 0.000121006145276
0.000123316982336 0.000123316982336 0.000123316982336 0.000123316982336 0.000123316982336 0.000123316982336 0.000123316982336 0.999013464141 0.000123316982336
0.000101019690623 0.999191842475 0.000101019690623 0.000101019690623 0.000101019690623 0.000101019690623 0.000101019690623 0.000101019690623 0.000101019690623
0.000102151512389 0.000102151512389 0.672594301271 0.326690638143 0.000102151512389 0.000102151512389 0.000102151512389 0.000102151512389 0.000102151512389
0.000129479622093 0.000129479622093 0.000129479622093 0.000129479622093 0.000129479622093 0.000129479622093 0.000129479622093 0.227400347826 0.77169329482
0.00012732176299 0.00012732176299 0.00012732176299 0.00012732176299 0.00012732176299 0.00012732176299 0.00012732176299 0.385318691542 0.613790056117
0.000102352007976 0.000102352007976 0.000102352007976 0.000102352007976 0.999181183936 0.000102352007976 0.000102352007976 0.000102352007976 0.000102352007976
0.00610982670165 0.000113569384168 0.000113569384168 0.000113569384168 0.000113569384168 0.000113569384168 0.0152105951799 0.977998161813 0.000113569384168
0.000127972090795 0.000127972090795 0.000127972090795 0.000127972090795 0.000127972090795 0.000127972090795 0.000127972090795 0.619044967391 0.380059227973
0.000126220542904 0.000126220542904 0.000126220542904 0.000126220542904 0.000126220542904 0.000126220542904 0.000126220542904 0.167676490857 0.831439965343
0.000126901414526 0.000126901414526 0.000126901414526 0.000126901414526 0.000126901414526 0.000126901414526 0.000126901414526 0.563341561122 0.435770128976
0.000126672546138 0.000126672546138 0.000126672546138 0.000126672546138 0.000126672546138 0.000126672546138 0.000126672546138 0.123757224198 0.875356067979
0.00691194735582 0.000117980298185 0.000117980298185 0.000117980298185 0.000117980298185 0.000117980298185 0.0229294585023 0.969450712353 0.000117980298185
0.000119827807566 0.000119827807566 0.000119827807566 0.000119827807566 0.000119827807566 0.000119827807566 0.000119827807566 0.999041377539 0.000119827807566
0.000102342594799 0.000102342594799 0.999181259242 0.000102342594799 0.000102342594799 0.000102342594799 0.000102342594799 0.000102342594799 0.000102342594799
0.000127631303906 0.000127631303906 0.000127631303906 0.000127631303906 0.000127631303906 0.000127631303906 0.000127631303906 0.222392050889 0.776714529983
0.000102299665415 0.000102299665415 0.000102299665415 0.000102299665415 0.999181602677 0.000102299665415 0.000102299665415 0.000102299665415 0.000102299665415
0.000104763230952 0.000104763230952 0.999161894152 0.000104763230952 0.000104763230952 0.000104763230952 0.000104763230952 0.000104763230952 0.000104763230952
0.000119259419281 0.000119259419281 0.000119259419281 0.000119259419281 0.000119259419281 0.000119259419281 0.000119259419281 0.000119259419281 0.999045924646
0.000102558580643 0.000102558580643 0.000102558580643 0.000102558580643 0.999179531355 0.000102558580643 0.000102558580643 0.000102558580643 0.000102558580643
0.00481061477374 0.000122111660134 0.000122111660134 0.000122111660134 0.000122111660134 0.000122111660134 0.00373535534419 0.59579950955 0.395043962031
0.000101139933534 0.000101139933534 0.482867525527 0.516424494938 0.000101139933534 0.000101139933534 0.000101139933534 0.000101139933534 0.000101139933534
0.000119612773293 0.000119612773293 0.000119612773293 0.000119612773293 0.000119612773293 0.000119612773293 0.000119612773293 0.000119612773293 0.999043097814
0.99917732747 0.000102834066201 0.000102834066201 0.000102834066201 0.000102834066201 0.000102834066201 0.000102834066201 0.000102834066201 0.000102834066201
0.000126519706935 0.000126519706935 0.000126519706935 0.000126519706935 0.000126519706935 0.000126519706935 0.000126519706935 0.0784458047576 0.920668557294
0.00012274239942 0.00012274239942 0.00012274239942 0.00012274239942 0.00012274239942 0.00012274239942 0.00012274239942 0.00012274239942 0.999018060805
0.000130650109654 0.000130650109654 0.000130650109654 0.000130650109654 0.000130650109654 0.000130650109654 0.000130650109654 0.366476317943 0.63260913129
0.000128140323407 0.000128140323407 0.000128140323407 0.000128140323407 0.000128140323407 0.000128140323407 0.000128140323407 0.0912056531424 0.907897364594
0.000127274618495 0.000127274618495 0.000127274618495 0.000127274618495 0.000127274618495 0.000127274618495 0.000127274618495 0.613181825484 0.385927252187
0.000123683137215 0.000123683137215 0.000123683137215 0.000123683137215 0.000123683137215 0.000123683137215 0.000123683137215 0.999010534902 0.000123683137215
0.000101703829959 0.000101703829959 0.707958395169 0.291329678021 0.000101703829959 0.000101703829959 0.000101703829959 0.000101703829959 0.000101703829959
0.000127247848486 0.000127247848486 0.000127247848486 0.000127247848486 0.000127247848486 0.000127247848486 0.000127247848486 0.618882115774 0.380227149287
0.000124497859737 0.000124497859737 0.000124497859737 0.000124497859737 0.000124497859737 0.000124497859737 0.000124497859737 0.167556847031 0.831571667951
0.000118914428117 0.000118914428117 0.000118914428117 0.000118914428117 0.000118914428117 0.000118914428117 0.000118914428117 0.000118914428117 0.999048684575
0.000101858808151 0.000101858808151 0.745913474509 0.253373513834 0.000101858808151 0.000101858808151 0.000101858808151 0.000101858808151 0.000101858808151
0.000101234896113 0.000101234896113 0.183937730044 0.815353625683 0.000101234896113 0.000101234896113 0.000101234896113 0.000101234896113 0.000101234896113
0.00012822889736 0.00012822889736 0.00012822889736 0.00012822889736 0.00012822889736 0.00012822889736 0.00012822889736 0.0743953875773 0.924707010141
0.000118233192709 0.000118233192709 0.000118233192709 0.000118233192709 0.000118233192709 0.000118233192709 0.000118233192709 0.000118233192709 0.999054134458
0.000101213107538 0.000101213107538 0.487603725962 0.511687782285 0.000101213107538 0.000101213107538 0.000101213107538 0.000101213107538 0.000101213107538
0.000119507271362 0.000119507271362 0.000119507271362 0.000119507271362 0.000119507271362 0.000119507271362 0.000119507271362 0.999043941829 0.000119507271362
0.000127125248952 0.000127125248952 0.000127125248952 0.000127125248952 0.000127125248952 0.000127125248952 0.000127125248952 0.315520116568 0.683590006689
0.00010104618007 0.999191630559 0.00010104618007 0.00010104618007 0.00010104618007 0.00010104618007 0.00010104618007 0.00010104618007 0.00010104618007
0.000128159087985 0.000128159087985 0.000128159087985 0.000128159087985 0.000128159087985 0.000128159087985 0.000128159087985 0.612492159562 0.386610726822
0.000127988877048 0.000127988877048 0.000127988877048 0.000127988877048 0.000127988877048 0.000127988877048 0.000127988877048 0.326767364825 0.672336713036
0.999179159155 0.000102605105592 0.000102605105592 0.000102605105592 0.000102605105592 0.000102605105592 0.000102605105592 0.000102605105592 0.000102605105592
0.00012684266965 0.00012684266965 0.00012684266965 0.00012684266965 0.00012684266965 0.00012684266965 0.00012684266965 0.147354593052 0.851757508261
0.000122673083228 0.000122673083228 0.000122673083228 0.000122673083228 0.000122673083228 0.000122673083228 0.000122673083228 0.000122673083228 0.999018615334
0.000128730660822 0.000128730660822 0.000128730660822 0.000128730660822 0.000128730660822 0.000128730660822 0.000128730660822 0.310480891179 0.688617994195
0.00012327990895 0.00012327990895 0.00012327990895 0.00012327990895 0.00012327990895 0.00012327990895 0.00012327990895 0.00012327990895 0.999013760728
0.000126364198666 0.000126364198666 0.000126364198666 0.000126364198666 0.000126364198666 0.000126364198666 0.000126364198666 0.85631102347 0.142804427139
0.00010099333062 0.999192053355 0.00010099333062 0.00010099333062 0.00010099333062 0.00010099333062 0.00010099333062 0.00010099333062 0.00010099333062
0.000101065920113 0.999191472639 0.000101065920113 0.000101065920113 0.000101065920113 0.000101065920113 0.000101065920113 0.000101065920113 0.000101065920113
0.000123977643676 0.000123977643676 0.000123977643676 0.000123977643676 0.000123977643676 0.000123977643676 0.000123977643676 0.999008178851 0.000123977643676
0.000118768127962 0.000118768127962 0.000118768127962 0.000118768127962 0.000118768127962 0.000118768127962 0.000118768127962 0.000118768127962 0.999049854976
0.000101257375566 0.000101257375566 0.999189940995 0.000101257375566 0.000101257375566 0.000101257375566 0.000101257375566 0.000101257375566 0.000101257375566
0.00010099860479 0.999192011162 0.00010099860479 0.00010099860479 0.00010099860479 0.00010099860479 0.00010099860479 0.00010099860479 0.00010099860479
0.000129040525798 0.000129040525798 0.000129040525798 0.000129040525798 0.000129040525798 0.000129040525798 0.000129040525798 0.381357715937 0.617739000383
0.998834852934 0.000444681720954 0.000102923620781 0.000102923620781 0.000102923620781 0.000102923620781 0.000102923620781 0.000102923620781 0.000102923620781
0.000118488560727 0.000118488560727 0.000118488560727 0.000118488560727 0.000118488560727 0.000118488560727 0.000118488560727 0.000118488560727 0.999052091514
0.000113670815101 0.000113670815101 0.000113670815101 0.000113670815101 0.000113670815101 0.000113670815101 0.000113670815101 0.999090633479 0.000113670815101
0.000128199713267 0.000128199713267 0.000128199713267 0.000128199713267 0.000128199713267 0.000128199713267 0.000128199713267 0.240898248773 0.758204353234
0.00472913420418 0.000122096290666 0.000122096290666 0.000122096290666 0.000122096290666 0.000122096290666 0.00512946620887 0.608797743291 0.380733174842
0.000128805220619 0.000128805220619 0.000128805220619 0.000128805220619 0.000128805220619 0.000128805220619 0.000128805220619 0.654749593755 0.344348769701
0.000101504331118 0.000101504331118 0.000101504331118 0.000101504331118 0.000101504331118 0.000101504331118 0.999187965351 0.000101504331118 0.000101504331118
0.000123350076318 0.000123350076318 0.000123350076318 0.000123350076318 0.000123350076318 0.000123350076318 0.000123350076318 0.999013199389 0.000123350076318
0.000128872367843 0.000128872367843 0.000128872367843 0.000128872367843 0.000128872367843 0.000128872367843 0.000128872367843 0.217570626992 0.781527266433
0.000126306508639 0.000126306508639 0.000126306508639 0.000126306508639 0.000126306508639 0.000126306508639 0.000126306508639 0.2182411009 0.780874753539
0.000127483954129 0.000127483954129 0.000127483954129 0.000127483954129 0.000127483954129 0.000127483954129 0.000127483954129 0.103552196773 0.895555415548
0.000100931107995 0.000100931107995 0.999192551136 0.000100931107995 0.000100931107995 0.000100931107995 0.000100931107995 0.000100931107995 0.000100931107995
0.000128463196629 0.000128463196629 0.000128463196629 0.000128463196629 0.000128463196629 0.000128463196629 0.000128463196629 0.0892676772122 0.909833080411
0.00012821225293 0.00012821225293 0.00012821225293 0.00012821225293 0.00012821225293 0.00012821225293 0.00012821225293 0.653914377157 0.345188137072
0.000125966183499 0.000125966183499 0.000125966183499 0.000125966183499 0.000125966183499 0.000125966183499 0.000125966183499 0.0777584572568 0.921359779459
0.000102283563117 0.000102283563117 0.000102283563117 0.000102283563117 0.999181731495 0.000102283563117 0.000102283563117 0.000102283563117 0.000102283563117
0.000119546117618 0.000119546117618 0.000119546117618 0.000119546117618 0.000119546117618 0.000119546117618 0.000119546117618 0.000119546117618 0.999043631059
0.000118996653364 0.000118996653364 0.000118996653364 0.000118996653364 0.000118996653364 0.000118996653364 0.000118996653364 0.000118996653364 0.999048026773
0.000126539275135 0.000126539275135 0.000126539275135 0.000126539275135 0.000126539275135 0.000126539275135 0.000126539275135 0.0649587059844 0.93415551909
0.000124478211475 0.000124478211475 0.000124478211475 0.000124478211475 0.000124478211475 0.000124478211475 0.000124478211475 0.647800604088 0.351328048432
0.00012373887218 0.00012373887218 0.00012373887218 0.00012373887218 0.00012373887218 0.00012373887218 0.00012373887218 0.905754194257 0.093379633638
0.00674603268744 0.000112105942554 0.000112105942554 0.000112105942554 0.000112105942554 0.000112105942554 0.00983341195318 0.982747919704 0.000112105942554
0.00012660157184 0.00012660157184 0.00012660157184 0.00012660157184 0.00012660157184 0.00012660157184 0.00012660157184 0.0391803043169 0.95993348468
0.000127072299446 0.000127072299446 0.000127072299446 0.000127072299446 0.000127072299446 0.000127072299446 0.000127072299446 0.481264457441 0.517846036463
0.000123050223219 0.000123050223219 0.000123050223219 0.000123050223219 0.000123050223219 0.000123050223219 0.000123050223219 0.999015598214 0.000123050223219
0.000130050294895 0.000130050294895 0.000130050294895 0.000130050294895 0.000130050294895 0.000130050294895 0.000130050294895 0.32958532135 0.669504326586
0.000128868213098 0.000128868213098 0.000128868213098 0.000128868213098 0.000128868213098 0.000128868213098 0.000128868213098 0.242948966728 0.756148955781
0.000121220350836 0.000121220350836 0.000121220350836 0.000121220350836 0.000121220350836 0.000121220350836 0.000121220350836 0.999030237193 0.000121220350836
0.000123590027205 0.000123590027205 0.000123590027205 0.000123590027205 0.000123590027205 0.000123590027205 0.000123590027205 0.169985277736 0.829149592074
0.999179671669 0.000102541041374 0.000102541041374 0.000102541041374 0.000102541041374 0.000102541041374 0.000102541041374 0.000102541041374 0.000102541041374
0.000101178611899 0.999190571105 0.000101178611899 0.000101178611899 0.000101178611899 0.000101178611899 0.000101178611899 0.000101178611899 0.000101178611899
0.00011432022348 0.00011432022348 0.00011432022348 0.00011432022348 0.00011432022348 0.00011432022348 0.00011432022348 0.999085438212 0.00011432022348
0.000126354334061 0.000126354334061 0.000126354334061 0.000126354334061 0.000126354334061 0.000126354334061 0.000126354334061 0.0338007227683 0.965314796893
0.000127516223366 0.000127516223366 0.000127516223366 0.000127516223366 0.000127516223366 0.000127516223366 0.000127516223366 0.113886801487 0.88522058495
0.000127066720114 0.000127066720114 0.000127066720114 0.000127066720114 0.000127066720114 0.000127066720114 0.000127066720114 0.0530545048024 0.946056028157
0.000122334204033 0.000122334204033 0.000122334204033 0.000122334204033 0.000122334204033 0.000122334204033 0.000122334204033 0.000122334204033 0.999021326368
0.000129779313978 0.000129779313978 0.000129779313978 0.000129779313978 0.000129779313978 0.000129779313978 0.000129779313978 0.465277654854 0.533813889948
0.000124029587718 0.000124029587718 0.000124029587718 0.000124029587718 0.000124029587718 0.000124029587718 0.000124029587718 0.999007763298 0.000124029587718
0.000126960226819 0.000126960226819 0.000126960226819 0.000126960226819 0.000126960226819 0.000126960226819 0.000126960226819 0.190236571845 0.808874706567
0.000102755635561 0.000102755635561 0.999177954916 0.000102755635561 0.000102755635561 0.000102755635561 0.000102755635561 0.000102755635561 0.000102755635561
0.000114405994971 0.000114405994971 0.000114405994971 0.000114405994971 0.000114405994971 0.000114405994971 0.000114405994971 0.99908475204 0.000114405994971
0.000101384822458 0.99918892142 0.000101384822458 0.000101384822458 0.000101384822458 0.000101384822458 0.000101384822458 0.000101384822458 0.000101384822458
0.000121385437394 0.000121385437394 0.000121385437394 0.000121385437394 0.000121385437394 0.000121385437394 0.000121385437394 0.999028916501 0.000121385437394
0.000126888007667 0.000126888007667 0.000126888007667 0.000126888007667 0.000126888007667 0.000126888007667 0.000126888007667 0.68314730816 0.315964475786
0.000101348682285 0.999189210542 0.000101348682285 0.000101348682285 0.000101348682285 0.000101348682285 0.000101348682285 0.000101348682285 0.000101348682285
0.000129161957982 0.000129161957982 0.000129161957982 0.000129161957982 0.000129161957982 0.000129161957982 0.000129161957982 0.230551276305 0.768544589989
0.000122297117516 0.000122297117516 0.000122297117516 0.000122297117516 0.000122297117516 0.000122297117516 0.000122297117516 0.000122297117516 0.99902162306
0.000101528078349 0.000101528078349 0.981636196764 0.0176531066875 0.000101528078349 0.000101528078349 0.000101528078349 0.000101528078349 0.000101528078349
0.000102291051713 0.000102291051713 0.000102291051713 0.000102291051713 0.999181671586 0.000102291051713 0.000102291051713 0.000102291051713 0.000102291051713
0.000127963857638 0.000127963857638 0.000127963857638 0.000127963857638 0.000127963857638 0.000127963857638 0.000127963857638 0.219258823334 0.779845429663
0.000119746717781 0.000119746717781 0.000119746717781 0.000119746717781 0.000119746717781 0.000119746717781 0.000143625633183 0.999018147342 0.000119746717781
0.00010156487923 0.00010156487923 0.989937230018 0.00935181582789 0.00010156487923 0.00010156487923 0.00010156487923 0.00010156487923 0.00010156487923
0.000130485953878 0.000130485953878 0.000130485953878 0.000130485953878 0.000130485953878 0.000130485953878 0.000130485953878 0.264970532563 0.73411606576
0.000129399879694 0.000129399879694 0.000129399879694 0.000129399879694 0.000129399879694 0.000129399879694 0.000129399879694 0.294359959668 0.704734241174
0.00012125594508 0.00012125594508 0.00012125594508 0.00012125594508 0.00012125594508 0.00012125594508 0.00012125594508 0.00012125594508 0.999029952439
0.000128404816992 0.000128404816992 0.000128404816992 0.000128404816992 0.000128404816992 0.000128404816992 0.000128404816992 0.139600303509 0.859500862772
0.000126980453723 0.000126980453723 0.000126980453723 0.000126980453723 0.000126980453723 0.000126980453723 0.000126980453723 0.639778205322 0.359332931502
0.000123907157825 0.000123907157825 0.000123907157825 0.000123907157825 0.000123907157825 0.000123907157825 0.000123907157825 0.822514580911 0.176618068984
0.000119033745658 0.000119033745658 0.000119033745658 0.000119033745658 0.000119033745658 0.000119033745658 0.000119033745658 0.000119033745658 0.999047730035
0.000101981718185 0.000101981718185 0.000101981718185 0.999184146255 0.000101981718185 0.000101981718185 0.000101981718185 0.000101981718185 0.000101981718185
0.000101246336916 0.999190029305 0.000101246336916 0.000101246336916 0.000101246336916 0.000101246336916 0.000101246336916 0.000101246336916 0.000101246336916
0.000118825407895 0.000118825407895 0.000118825407895 0.000118825407895 0.000118825407895 0.000118825407895 0.000118825407895 0.000118825407895 0.999049396737
0.000127397582216 0.000127397582216 0.000127397582216 0.000127397582216 0.000127397582216 0.000127397582216 0.000127397582216 0.14440667683 0.854701540094
0.000126079451079 0.000126079451079 0.000126079451079 0.000126079451079 0.000126079451079 0.000126079451079 0.000126079451079 0.595211142654 0.403906301189
0.000102764327766 0.000102764327766 0.0460181636939 0.944475693251 0.000102764327766 0.000102764327766 0.0088895570886 0.000102764327766 0.000102764327766
0.000126632780425 0.000126632780425 0.000126632780425 0.000126632780425 0.000126632780425 0.000126632780425 0.000126632780425 0.249246372641 0.749867197896
0.000124578228563 0.000124578228563 0.000124578228563 0.000124578228563 0.000124578228563 0.000124578228563 0.000124578228563 0.000124578228563 0.999003374171
0.000118669387772 0.000118669387772 0.000118669387772 0.000118669387772 0.000118669387772 0.000118669387772 0.000118669387772 0.000118669387772 0.999050644898
0.000100934495889 0.999192524033 0.000100934495889 0.000100934495889 0.000100934495889 0.000100934495889 0.000100934495889 0.000100934495889 0.000100934495889
0.000102304332299 0.000102304332299 0.83684368355 0.162440186124 0.000102304332299 0.000102304332299 0.000102304332299 0.000102304332299 0.000102304332299
0.000122726516592 0.000122726516592 0.000122726516592 0.000122726516592 0.000122726516592 0.000122726516592 0.000122726516592 0.743435228917 0.255705685467
0.000118743580578 0.000118743580578 0.000118743580578 0.000118743580578 0.000118743580578 0.000118743580578 0.000118743580578 0.000118743580578 0.999050051355
0.000127949619866 0.000127949619866 0.000127949619866 0.000127949619866 0.000127949619866 0.000127949619866 0.000127949619866 0.311238830776 0.687865521884
0.00010098460891 0.999192123129 0.00010098460891 0.00010098460891 0.00010098460891 0.00010098460891 0.00010098460891 0.00010098460891 0.00010098460891
0.000131116687239 0.000131116687239 0.000131116687239 0.000131116687239 0.000131116687239 0.000131116687239 0.000131116687239 0.397537623651 0.601544559538
0.000129992518317 0.000129992518317 0.000129992518317 0.000129992518317 0.000129992518317 0.000129992518317 0.000129992518317 0.119147651201 0.879942401171
0.000128746407945 0.000128746407945 0.000128746407945 0.000128746407945 0.000128746407945 0.000128746407945 0.000128746407945 0.000128746407945 0.998970028736
0.000101814688024 0.000101814688024 0.892069780039 0.107217517145 0.000101814688024 0.000101814688024 0.000101814688024 0.000101814688024 0.000101814688024
0.000127890080062 0.000127890080062 0.000127890080062 0.000127890080062 0.000127890080062 0.000127890080062 0.000127890080062 0.98708070053 0.0120240689099
0.000127217956703 0.000127217956703 0.000127217956703 0.000127217956703 0.000127217956703 0.000127217956703 0.000127217956703 0.103362563514 0.89574691079
0.000125852814769 0.000125852814769 0.000125852814769 0.000125852814769 0.000125852814769 0.000125852814769 0.000125852814769 0.998993177482 0.000125852814769
0.000127472574943 0.000127472574943 0.000127472574943 0.000127472574943 0.000127472574943 0.000127472574943 0.000127472574943 0.676276973369 0.322830718607
0.000127601892224 0.000127601892224 0.000127601892224 0.000127601892224 0.000127601892224 0.000127601892224 0.000127601892224 0.263625680413 0.735481106341
0.000101278292271 0.000101278292271 0.284990633667 0.714300418287 0.000101278292271 0.000101278292271 0.000101278292271 0.000101278292271 0.000101278292271
0.000101181025075 0.000101181025075 0.844135248923 0.155156483901 0.000101181025075 0.000101181025075 0.000101181025075 0.000101181025075 0.000101181025075
0.000104005496866 0.000104005496866 0.000104005496866 0.000104005496866 0.999167956025 0.000104005496866 0.000104005496866 0.000104005496866 0.000104005496866
0.000100997501137 0.999192019991 0.000100997501137 0.000100997501137 0.000100997501137 0.000100997501137 0.000100997501137 0.000100997501137 0.000100997501137
0.000127669059984 0.000127669059984 0.000127669059984 0.000127669059984 0.000127669059984 0.000127669059984 0.000127669059984 0.267677187433 0.731429129147
0.000124217979984 0.000124217979984 0.000124217979984 0.000124217979984 0.000124217979984 0.000124217979984 0.000124217979984 0.000124217979984 0.99900625616
0.00896761671315 0.000114269608022 0.000114269608022 0.000114269608022 0.000114269608022 0.000114269608022 0.00755907706612 0.982787688573 0.000114269608022
0.000123162896533 0.000123162896533 0.000123162896533 0.000123162896533 0.000123162896533 0.000123162896533 0.000123162896533 0.257323768635 0.74181409109
0.000100988140217 0.000100988140217 0.999192094878 0.000100988140217 0.000100988140217 0.000100988140217 0.000100988140217 0.000100988140217 0.000100988140217
0.000128051323071 0.000128051323071 0.000128051323071 0.000128051323071 0.000128051323071 0.000128051323071 0.000128051323071 0.231171942293 0.767931698445
0.000129690524328 0.000129690524328 0.000129690524328 0.000129690524328 0.000129690524328 0.000129690524328 0.000129690524328 0.673083829043 0.326008337287
0.000128786126007 0.000128786126007 0.000128786126007 0.000128786126007 0.000128786126007 0.000128786126007 0.000128786126007 0.334189923704 0.664908573414
0.000101152677583 0.000101152677583 0.999190778579 0.000101152677583 0.000101152677583 0.000101152677583 0.000101152677583 0.000101152677583 0.000101152677583
0.000128878232753 0.000128878232753 0.000128878232753 0.000128878232753 0.000128878232753 0.000128878232753 0.000128878232753 0.369326003177 0.629771849194
0.000127895994688 0.000127895994688 0.000127895994688 0.000127895994688 0.000127895994688 0.000127895994688 0.000127895994688 0.30381279393 0.695291934108
0.000101060219663 0.000101060219663 0.31068607351 0.688606504952 0.000101060219663 0.000101060219663 0.000101060219663 0.000101060219663 0.000101060219663
0.999176105144 0.000102986856982 0.000102986856982 0.000102986856982 0.000102986856982 0.000102986856982 0.000102986856982 0.000102986856982 0.000102986856982
0.000101214094613 0.999190287243 0.000101214094613 0.000101214094613 0.000101214094613 0.000101214094613 0.000101214094613 0.000101214094613 0.000101214094613
0.0001219721242 0.0001219721242 0.0001219721242 0.0001219721242 0.0001219721242 0.0001219721242 0.0001219721242 0.999024223006 0.0001219721242
0.000130032601944 0.000130032601944 0.000130032601944 0.000130032601944 0.000130032601944 0.000130032601944 0.000130032601944 0.357314457867 0.641775313919
0.000101176250745 0.000101176250745 0.383667086839 0.615624679406 0.000101176250745 0.000101176250745 0.000101176250745 0.000101176250745 0.000101176250745
0.000101252201795 0.000101252201795 0.818594138227 0.180697096361 0.000101252201795 0.000101252201795 0.000101252201795 0.000101252201795 0.000101252201795
0.000101642641974 0.000101642641974 0.000101642641974 0.00492470576368 0.000101642641974 0.000101642641974 0.994363795743 0.000101642641974 0.000101642641974
0.000118263642552 0.000118263642552 0.000118263642552 0.000118263642552 0.000118263642552 0.000118263642552 0.000118263642552 0.000118263642552 0.99905389086
0.000124504474731 0.000124504474731 0.000124504474731 0.000124504474731 0.000124504474731 0.000124504474731 0.000124504474731 0.000124504474731 0.999003964202
0.000128033405988 0.000128033405988 0.000128033405988 0.000128033405988 0.000128033405988 0.000128033405988 0.000128033405988 0.998975732752 0.000128033405988
0.00012754769262 0.00012754769262 0.00012754769262 0.00012754769262 0.00012754769262 0.00012754769262 0.00012754769262 0.281750524641 0.717356641511
0.000118336927949 0.000118336927949 0.000118336927949 0.000118336927949 0.000118336927949 0.000118336927949 0.000118336927949 0.000118336927949 0.999053304576
0.000123440804986 0.000123440804986 0.000123440804986 0.000123440804986 0.000123440804986 0.000123440804986 0.000123440804986 0.99901247356 0.000123440804986
0.000123142306806 0.000123142306806 0.000123142306806 0.000123142306806 0.000123142306806 0.000123142306806 0.000123142306806 0.273877635942 0.725260367911
0.000122192148638 0.000122192148638 0.000122192148638 0.000122192148638 0.000122192148638 0.000122192148638 0.000122192148638 0.999022462811 0.000122192148638
0.000125672944007 0.000125672944007 0.000125672944007 0.000125672944007 0.000125672944007 0.000125672944007 0.000125672944007 0.039943427867 0.959176861525
0.000125579450563 0.000125579450563 0.000125579450563 0.000125579450563 0.000125579450563 0.000125579450563 0.000125579450563 0.998995364395 0.000125579450563
0.000121118017043 0.000121118017043 0.000121118017043 0.000121118017043 0.000121118017043 0.000121118017043 0.000121118017043 0.000121118017043 0.999031055864
0.000124067128068 0.000124067128068 0.000124067128068 0.000124067128068 0.000124067128068 0.000124067128068 0.000124067128068 0.153862943254 0.845268586849
0.00012521109426 0.00012521109426 0.00012521109426 0.00012521109426 0.00012521109426 0.00012521109426 0.00012521109426 0.101234242654 0.897889279686
0.000119918514618 0.000119918514618 0.000119918514618 0.000119918514618 0.000119918514618 0.000119918514618 0.000119918514618 0.000119918514618 0.999040651883
0.000126038510939 0.000126038510939 0.000126038510939 0.000126038510939 0.000126038510939 0.000126038510939 0.000126038510939 0.608333828411 0.390783902012
0.000119076717138 0.000119076717138 0.000119076717138 0.000119076717138 0.000119076717138 0.000119076717138 0.000119076717138 0.000119076717138 0.999047386263
0.000127390756135 0.000127390756135 0.000127390756135 0.000127390756135 0.000127390756135 0.000127390756135 0.000127390756135 0.384692974814 0.614415289893
0.000119980382252 0.000119980382252 0.000119980382252 0.000119980382252 0.000119980382252 0.000119980382252 0.000119980382252 0.000119980382252 0.999040156942
0.000101288812143 0.000101288812143 0.817915957449 0.181375020866 0.000101288812143 0.000101288812143 0.000101288812143 0.000101288812143 0.000101288812143
0.000124674019489 0.000124674019489 0.000124674019489 0.000124674019489 0.000124674019489 0.000124674019489 0.000124674019489 0.377486173159 0.621641108705
0.000128207921024 0.000114237731252 0.000114237731252 0.000114237731252 0.000114237731252 0.000114237731252 0.000114237731252 0.99907212796 0.000114237731252
0.000129778480064 0.000129778480064 0.000129778480064 0.000129778480064 0.000129778480064 0.000129778480064 0.000129778480064 0.355221336711 0.643870213929
0.000129155371373 0.000129155371373 0.000129155371373 0.000129155371373 0.000129155371373 0.000129155371373 0.00486897623221 0.422353484191 0.572002607349
0.000118693227413 0.000118693227413 0.000118693227413 0.000118693227413 0.000118693227413 0.000118693227413 0.000118693227413 0.999050454181 0.000118693227413
0.00927079015631 0.000124241209722 0.000124241209722 0.000124241209722 0.000124241209722 0.000124241209722 0.0274680524118 0.780460154246 0.182179797137
0.000126824707714 0.000126824707714 0.000126824707714 0.000126824707714 0.000126824707714 0.000126824707714 0.000126824707714 0.825644345126 0.17346788192
0.000101005734062 0.000101005734062 0.999191954128 0.000101005734062 0.000101005734062 0.000101005734062 0.000101005734062 0.000101005734062 0.000101005734062
0.000101217040011 0.99919026368 0.000101217040011 0.000101217040011 0.000101217040011 0.000101217040011 0.000101217040011 0.000101217040011 0.000101217040011
0.000128574459334 0.000128574459334 0.000128574459334 0.000128574459334 0.000128574459334 0.000128574459334 0.000128574459334 0.247350784073 0.751749194712
0.000129216556641 0.000129216556641 0.000129216556641 0.000129216556641 0.000129216556641 0.000129216556641 0.000129216556641 0.353510836085 0.645584648018
0.000103331563909 0.999173347489 0.000103331563909 0.000103331563909 0.000103331563909 0.000103331563909 0.000103331563909 0.000103331563909 0.000103331563909
0.000129543459959 0.000129543459959 0.000129543459959 0.000129543459959 0.000129543459959 0.000129543459959 0.000129543459959 0.936080317061 0.0630128787194
0.000102513365713 0.000102513365713 0.00707888993131 0.000102513365713 0.000102513365713 0.000102513365713 0.992203516509 0.000102513365713 0.000102513365713
0.000100986138899 0.999192110889 0.000100986138899 0.000100986138899 0.000100986138899 0.000100986138899 0.000100986138899 0.000100986138899 0.000100986138899
0.000127970416292 0.000127970416292 0.000127970416292 0.000127970416292 0.000127970416292 0.000127970416292 0.000127970416292 0.264814744785 0.734289462301
0.000102407562796 0.999180739498 0.000102407562796 0.000102407562796 0.000102407562796 0.000102407562796 0.000102407562796 0.000102407562796 0.000102407562796
0.000101035879084 0.000101035879084 0.883694440112 0.115598308735 0.000101035879084 0.000101035879084 0.000101035879084 0.000101035879084 0.000101035879084
0.000127431147572 0.000127431147572 0.000127431147572 0.000127431147572 0.000127431147572 0.000127431147572 0.000127431147572 0.579435096729 0.419672885238
0.000102268763924 0.000102268763924 0.000102268763924 0.999181849889 0.000102268763924 0.000102268763924 0.000102268763924 0.000102268763924 0.000102268763924
0.00011913030821 0.00011913030821 0.00011913030821 0.00011913030821 0.00011913030821 0.00011913030821 0.00011913030821 0.00011913030821 0.999046957534
0.000127441162658 0.000127441162658 0.000127441162658 0.000127441162658 0.000127441162658 0.000127441162658 0.000127441162658 0.121943541673 0.877164370189
0.000102264678955 0.000102264678955 0.000102264678955 0.000102264678955 0.999181882568 0.000102264678955 0.000102264678955 0.000102264678955 0.000102264678955
0.000127933337008 0.000127933337008 0.000127933337008 0.000127933337008 0.000127933337008 0.000127933337008 0.000127933337008 0.350066207187 0.649038259454
0.000129003275944 0.000129003275944 0.000129003275944 0.000129003275944 0.000129003275944 0.000129003275944 0.000129003275944 0.279823591419 0.719273385649
0.000101301997968 0.000101301997968 0.929243169265 0.0700477167489 0.000101301997968 0.000101301997968 0.000101301997968 0.000101301997968 0.000101301997968
0.00012219052692 0.00012219052692 0.00012219052692 0.00012219052692 0.00012219052692 0.00012219052692 0.00012219052692 0.999022475785 0.00012219052692
0.000119608855963 0.000119608855963 0.000119608855963 0.000119608855963 0.000119608855963 0.000119608855963 0.000119608855963 0.999043129152 0.000119608855963
0.000131485828548 0.000131485828548 0.000131485828548 0.000131485828548 0.000131485828548 0.000131485828548 0.000131485828548 0.265486794606 0.733592804594
0.000101616140636 0.000101616140636 0.000101616140636 0.000101616140636 0.000101616140636 0.000101616140636 0.999187070875 0.000101616140636 0.000101616140636
0.000115024820231 0.000115024820231 0.000115024820231 0.000115024820231 0.000115024820231 0.000115024820231 0.000115024820231 0.999079801438 0.000115024820231
0.000123117529819 0.000123117529819 0.000123117529819 0.000123117529819 0.000123117529819 0.000123117529819 0.000123117529819 0.992494146714 0.00664403057686
0.000128985045876 0.000128985045876 0.000128985045876 0.000128985045876 0.000128985045876 0.000128985045876 0.000128985045876 0.375471747051 0.623625357628
0.00011903860757 0.00011903860757 0.00011903860757 0.00011903860757 0.00011903860757 0.00011903860757 0.00011903860757 0.00011903860757 0.999047691139
0.000101009556815 0.999191923545 0.000101009556815 0.000101009556815 0.000101009556815 0.000101009556815 0.000101009556815 0.000101009556815 0.000101009556815
0.00011964498052 0.00011964498052 0.00011964498052 0.00011964498052 0.00011964498052 0.00011964498052 0.00011964498052 0.00011964498052 0.999042840156
0.000102444167265 0.000102444167265 0.999180446662 0.000102444167265 0.000102444167265 0.000102444167265 0.000102444167265 0.000102444167265 0.000102444167265
0.000122591509668 0.000122591509668 0.000122591509668 0.000122591509668 0.000122591509668 0.000122591509668 0.000122591509668 0.000122591509668 0.999019267923
0.000101650616419 0.000101650616419 0.858596342825 0.14069210286 0.000101650616419 0.000101650616419 0.000101650616419 0.000101650616419 0.000101650616419
0.000119841804169 0.000119841804169 0.000119841804169 0.000119841804169 0.000119841804169 0.000119841804169 0.000119841804169 0.000119841804169 0.999041265567
0.000119307269262 0.000119307269262 0.000119307269262 0.000119307269262 0.000119307269262 0.000119307269262 0.000119307269262 0.000119307269262 0.999045541846
0.000124703064351 0.000124703064351 0.000124703064351 0.000124703064351 0.000124703064351 0.000124703064351 0.000124703064351 0.000124703064351 0.999002375485
0.000124178658092 0.000124178658092 0.000124178658092 0.000124178658092 0.000124178658092 0.000124178658092 0.000124178658092 0.000124178658092 0.999006570735
0.999179913161 0.000102510854867 0.000102510854867 0.000102510854867 0.000102510854867 0.000102510854867 0.000102510854867 0.000102510854867 0.000102510854867
0.000104521824758 0.000104521824758 0.903271884687 0.0359131321092 0.0586535692318 0.00163880484831 0.000104521824758 0.000104521824758 0.000104521824758
0.000102369689197 0.999181042486 0.000102369689197 0.000102369689197 0.000102369689197 0.000102369689197 0.000102369689197 0.000102369689197 0.000102369689197
0.000124538534707 0.000124538534707 0.000124538534707 0.000124538534707 0.000124538534707 0.000124538534707 0.000124538534707 0.84188798495 0.157240245307
0.000103573291028 0.000103573291028 0.000103573291028 0.000103573291028 0.000103573291028 0.000103573291028 0.999171413672 0.000103573291028 0.000103573291028
0.000101472706697 0.000101472706697 0.0492166199552 0.950073071098 0.000101472706697 0.000101472706697 0.000101472706697 0.000101472706697 0.000101472706697
0.000101601069005 0.000101601069005 0.547870383292 0.451418409225 0.000101601069005 0.000101601069005 0.000101601069005 0.000101601069005 0.000101601069005
0.000102150490519 0.000102150490519 0.886801175739 0.112483770828 0.000102150490519 0.000102150490519 0.000102150490519 0.000102150490519 0.000102150490519
