0.000101081598255 0.000101081598255 0.999595673607 0.000101081598255 0.000101081598255
0.987055991111 0.00369939363236 0.00386060568736 0.00523734781335 0.000146661755742
0.00010152996129 0.00010152996129 0.00010152996129 0.116509858023 0.883185552093
0.962984318323 0.00774366500942 0.00329825084137 0.0258269995326 0.000146766294036
0.000101251696893 0.000101251696893 0.000101251696893 0.000101251696893 0.999594993212
0.990056102887 0.00478566463794 0.00452415984155 0.000146616312816 0.000487456321141
0.995434920939 0.000146498127852 0.00412558467752 0.000146498127852 0.000146498127852
0.996066960588 0.000146478824344 0.00349360293935 0.000146478824344 0.000146478824344
0.000101113263089 0.000101113263089 0.999595546948 0.000101113263089 0.000101113263089
0.995202985408 0.00150479359228 0.00299907270088 0.00014657414924 0.00014657414924
0.994326011889 0.000261042152135 0.00504084842785 0.000146551940477 0.000225545590688
0.000101025535936 0.000101025535936 0.000101025535936 0.000101025535936 0.999595897856
0.000102083340918 0.998057345595 0.00163640438184 0.000102083340918 0.000102083340918
0.98750224227 0.00588703680615 0.00378111565262 0.00268295862116 0.000146646649787
0.99551626911 0.000146487529922 0.00404426830064 0.000146487529922 0.000146487529922
0.000100877817775 0.000100877817775 0.0380254507651 0.122364969024 0.839407824576
0.942835288729 0.0136803372785 0.00513690564921 0.0382006632586 0.000146805084432
0.980033029749 0.00344789566164 0.00350699246262 0.0128653765785 0.000146705548351
0.0001023120731 0.0001023120731 0.0001023120731 0.028245944803 0.971447118978
0.990722223399 0.00406744712786 0.00393360767255 0.00113009273619 0.000146629064653
0.000102069342114 0.000102069342114 0.000102069342114 0.000102069342114 0.999591722632
0.000110248197995 0.000110248197995 0.000110248197995 0.999559007208 0.000110248197995
0.970015525502 0.00758104609139 0.0023636892374 0.0198929988375 0.000146740332
0.979158558645 0.00305544995315 0.00323389802965 0.0144053864694 0.000146706902436
0.000101067125447 0.000101067125447 0.999595731498 0.000101067125447 0.000101067125447
0.000103662068987 0.000103662068987 0.000103662068987 0.000103662068987 0.999585351724
0.990644343299 0.00319733222953 0.00470263298823 0.000146570817912 0.00130912066522
0.992185596078 0.00357062517683 0.00395057038437 0.000146604180382 0.000146604180382
0.000101956512599 0.994632582345 0.00506154811752 0.000101956512599 0.000101956512599
0.931233474008 0.0132716114728 0.00158387751034 0.0537641613281 0.000146875680873
0.992457176847 0.00239378598609 0.00382824939921 0.00117416032183 0.00014662744581
0.997256989911 0.000146459694567 0.00230363100518 0.000146459694567 0.000146459694567
0.982843870446 0.00601519369958 0.00301575600513 0.00797850060373 0.000146679245956
0.996271996833 0.000146473120673 0.00328858380529 0.000146473120673 0.000146473120673
0.925474127012 0.0161020112351 0.000858705043592 0.0574182589445 0.000146897764652
0.969457645593 0.00663606191087 0.00176645297125 0.0219930910823 0.000146748442512
0.000101691349547 0.000101691349547 0.000101691349547 0.000101691349547 0.999593234602
0.994143177568 0.00103305956368 0.00453066179333 0.00014655053768 0.00014655053768
0.000102086317127 0.998136294775 0.00155744627346 0.000102086317127 0.000102086317127
0.000103461131854 0.000103461131854 0.000103461131854 0.000103461131854 0.999586155473
0.995403941462 0.000146518323682 0.0041565035668 0.000146518323682 0.000146518323682
0.000102114132371 0.995749851499 0.00394380610377 0.000102114132371 0.000102114132371
0.969942271747 0.00685813918698 0.00157820438598 0.0214746293929 0.000146755287111
0.000102601222318 0.000102601222318 0.000102601222318 0.0131058536599 0.986586342673
0.995815658834 0.000146493202933 0.00374486155738 0.000146493202933 0.000146493202933
0.00010269048522 0.914519774623 0.00010269048522 0.0851721539218 0.00010269048522
0.994347939344 0.000500804979292 0.0045145893673 0.000146522269945 0.00049014403921
0.967082770276 0.00842973229345 0.00968656699684 0.000716790310135 0.014084140124
0.992539136366 0.00270566694176 0.00446197260084 0.000146612045594 0.000146612045594
0.99503378868 0.000146493890053 0.00452672964938 0.000146493890053 0.000146493890053
0.993792932633 0.00216711194058 0.00351658135318 0.000376753437927 0.000146620635238
0.979455617796 0.00365822374957 0.00312382539713 0.0136156284895 0.000146704567453
0.000102596402591 0.000102596402591 0.000102596402591 0.000102596402591 0.99958961439
0.989270025969 0.00548138512458 0.00270049168534 0.00240145451451 0.000146642706433
0.991280031659 0.00304677052446 0.00461560563145 0.000146594833864 0.000910997351466
0.993094591773 0.000146529045531 0.00550936749794 0.000146529045531 0.0011029826382
0.000102558473241 0.000102558473241 0.000102558473241 0.000102558473241 0.999589766107
0.000102027096497 0.000102027096497 0.000102027096497 0.0594574525208 0.94023646619
0.992356057163 0.00101300129996 0.00535659536752 0.000146537758829 0.00112780841069
0.996863398548 0.000146489855543 0.00269713188573 0.000146489855543 0.000146489855543
0.000102838485834 0.000102838485834 0.000102838485834 0.00345811218733 0.996233372355
0.959092640437 0.00923019198518 0.00393765347779 0.0275927316984 0.000146782401133
0.994903656999 0.00154869262238 0.00325452943786 0.000146560470351 0.000146560470351
0.000101092434076 0.000101092434076 0.999595630264 0.000101092434076 0.000101092434076
0.99212815545 0.00225588903793 0.00366286528424 0.00180645881395 0.000146631413858
0.994210041378 0.00176463869236 0.0037322001053 0.000146559912247 0.000146559912247
0.000102417893195 0.916944338515 0.000102417893195 0.0827484078058 0.000102417893195
0.99506709697 0.000265714639767 0.00437417052398 0.000146508933357 0.000146508933357
0.994786902877 0.000146531316682 0.00477350317259 0.000146531316682 0.000146531316682
0.994074848862 0.00181390372964 0.00381809004967 0.000146578679321 0.000146578679321
0.995688799783 0.000146484970307 0.00387174530578 0.000146484970307 0.000146484970307
0.972272083432 0.00520897463413 0.00455741441661 0.0178147926929 0.000146734824062
0.000100983381841 0.000100983381841 0.999596066473 0.000100983381841 0.000100983381841
0.000101036754679 0.000101036754679 0.999595852981 0.000101036754679 0.000101036754679
0.980307036683 0.00555279750952 0.00291242522898 0.011081047088 0.000146693490803
0.99532085716 0.000146514090893 0.00423960056724 0.000146514090893 0.000146514090893
0.000100848244553 0.000100848244553 0.000100848244553 0.000100848244553 0.999596607022
0.000101084430635 0.000101084430635 0.999595662277 0.000101084430635 0.000101084430635
0.993936756316 0.00213672980048 0.00363332395036 0.000146594966444 0.000146594966444
0.000102696698219 0.914488105834 0.000102696698219 0.0852038040714 0.000102696698219
0.995837718852 0.000146492916931 0.00372280239738 0.000146492916931 0.000146492916931
0.962830354721 0.0040842051126 0.00270686195781 0.030231800275 0.000146777933748
0.996037163106 0.000146522056634 0.00352327072384 0.000146522056634 0.000146522056634
0.968848398802 0.00650240354924 0.00164132332739 0.0228611162072 0.000146758113816
0.989440764704 0.00495402770107 0.00324232681015 0.00221624217244 0.000146638612601
0.000101526020214 0.000101526020214 0.000101526020214 0.999150532119 0.000544889820092
0.973184840904 0.00735900559397 0.002240570137 0.0170688514957 0.00014673186973
0.990977939328 0.00259455718363 0.00529694649573 0.000146572529529 0.000983984462714
0.995783015036 0.000146548223812 0.00377734029238 0.000146548223812 0.000146548223812
0.994544418919 0.000873153670257 0.00423466239182 0.000146511346228 0.000201253672598
0.000100584014945 0.000100584014945 0.000100584014945 0.000100584014945 0.99959766394
0.95346034184 0.0112363074876 0.0126689428685 0.00295054384938 0.0196838639548
0.985034913451 0.00680782797952 0.00267961994894 0.005330969445 0.000146669175471
0.994692313494 0.00112014629021 0.00389449065594 0.000146524779939 0.000146524779939
0.000102026897465 0.998227985877 0.00146593343056 0.000102026897465 0.000102026897465
0.99523453993 0.000146536649401 0.00432585012208 0.000146536649401 0.000146536649401
0.992937098727 0.000146545300596 0.00516244389796 0.000146545300596 0.00160736677362
0.99038883335 0.00277171647492 0.00505036413483 0.000146548670989 0.00164253736951
0.985871012265 0.00448498706895 0.00311068032105 0.00638664976745 0.000146670577195
0.978915866187 0.00532687629492 0.00237662917948 0.013233922961 0.000146705378103
0.939164000285 0.0101539424404 0.00137418842021 0.049161021126 0.000146847727978
0.996771215578 0.000146436600059 0.00278947462144 0.000146436600059 0.000146436600059
0.991417159886 0.00269264656053 0.00421139398188 0.00153217156329 0.00014662800799
0.975123391498 0.00696296250714 0.00295401673089 0.0148129180224 0.000146711241216
0.99412789401 0.00159504905437 0.00398391413318 0.000146571401268 0.000146571401268
0.993008657235 0.00219899100989 0.004445255434 0.000146559913472 0.000200536407758
0.967564746053 0.00659901252832 0.00247301271948 0.0232164732327 0.000146755466034
0.99373224477 0.00199555595577 0.00397898790773 0.000146605683325 0.000146605683325
0.000102399890143 0.91663584353 0.000102399890143 0.0830569567995 0.000102399890143
0.000101321601675 0.000101321601675 0.999594713593 0.000101321601675 0.000101321601675
0.95897260922 0.00756138873078 0.00203309313492 0.0312861212301 0.000146787684193
0.995609279786 0.000146491238439 0.00395124649896 0.000146491238439 0.000146491238439
0.952436718205 0.0114258316542 0.0120871989724 0.00424878979651 0.0198014613718
0.994673178007 0.00056139668784 0.00447242220748 0.000146501549066 0.000146501549066
0.994655642332 0.000146527778107 0.00457457459594 0.000146527778107 0.000476727515867
0.990937256944 0.00363408052003 0.00469442338181 0.000299523862104 0.000434715291947
0.977211394448 0.00539432686192 0.00199042717944 0.0152571333859 0.000146718124432
0.992494684443 0.00265382449523 0.00455835660197 0.000146567229826 0.000146567229826
0.000102026647001 0.000102026647001 0.000102026647001 0.000102026647001 0.999591893412
0.965145130248 0.00565118177757 0.00204711582565 0.0270098052766 0.000146766871937
0.00010146580238 0.00010146580238 0.99959413679 0.00010146580238 0.00010146580238
0.96933276773 0.00858782677702 0.00153063680526 0.020402026461 0.000146742226907
0.987563390005 0.00529329605616 0.0030151417795 0.00398151841987 0.000146653739915
0.000101437818775 0.000101437818775 0.999594248725 0.000101437818775 0.000101437818775
0.994519072644 0.00110233267685 0.00408553992562 0.000146527376851 0.000146527376851
0.994842164017 0.000146537176811 0.00383780047979 0.000146537176811 0.00102696114915
0.000101300957413 0.000101300957413 0.000101300957413 0.000101300957413 0.99959479617
0.000102050070584 0.995342016936 0.00435183285196 0.000102050070584 0.000102050070584
0.99096992836 0.00311405058345 0.00440191289118 0.000146551415868 0.00136755674986
0.953583324125 0.0116185990152 0.00118413830736 0.0334671370259 0.000146801526503
0.000101314664974 0.000101314664974 0.000101314664974 0.000101314664974 0.99959474134
0.991241868429 0.00179438185234 0.00449048841492 0.000146561805606 0.00232669949818
0.995055279207 0.000867981965818 0.00378364374092 0.000146547543127 0.000146547543127
0.996686530921 0.000146529061793 0.0028738818939 0.000146529061793 0.000146529061793
0.994655106742 0.00129484444634 0.00375703215439 0.000146508328851 0.000146508328851
0.988376261832 0.00498509778114 0.00319603464126 0.00329596190565 0.000146643840069
0.981531606831 0.00614587218217 0.00253637794116 0.00963945588088 0.000146687165193
0.994674430191 0.000146563788215 0.00486150440271 0.000146563788215 0.000170937829568
0.000101493858195 0.000101493858195 0.000101493858195 0.114442467202 0.885253051223
0.000101224195418 0.000101224195418 0.999595103218 0.000101224195418 0.000101224195418
0.995852774616 0.000146499037564 0.00370772827093 0.000146499037564 0.000146499037564
0.996627772992 0.000146475598256 0.00293280021281 0.000146475598256 0.000146475598256
0.989758018238 0.00653375985654 0.00220946959209 0.00135211207118 0.000146640242472
0.000101643302936 0.000101643302936 0.000101643302936 0.128922852998 0.870772217093
0.99604639218 0.000146509573984 0.00351407909832 0.000146509573984 0.000146509573984
0.992353936767 0.00014660033036 0.00299104941004 0.00014660033036 0.00436181316184
0.994749035557 0.000146542780476 0.00481133610149 0.000146542780476 0.000146542780476
0.000100851403835 0.000100851403835 0.999596594385 0.000100851403835 0.000100851403835
0.000102420467426 0.000102420467426 0.000102420467426 0.000102420467426 0.99959031813
0.972690561054 0.00679225395969 0.00161885117818 0.0187515964414 0.000146737366657
0.996498127134 0.000146488710193 0.00306240673526 0.000146488710193 0.000146488710193
0.994949989236 0.00172414319589 0.0030327418468 0.000146562860443 0.000146562860443
0.000100953933748 0.000100953933748 0.999596184265 0.000100953933748 0.000100953933748
0.992327012861 0.002690072782 0.00468971348325 0.000146600436724 0.000146600436724
0.989443441774 0.00226128181764 0.00353343666642 0.000146567897051 0.00461527184471
0.986104065616 0.00282489096956 0.00435798359176 0.000146603136199 0.00656645668625
0.000101938659186 0.000101938659186 0.000101938659186 0.000101938659186 0.999592245363
0.979293364715 0.00509379142402 0.00435241867867 0.011113725499 0.000146699682854
0.993776028798 0.00125446029167 0.00401548568954 0.000146534653753 0.000807490567133
0.961792775258 0.0126811643364 0.001650189747 0.0237290979631 0.000146772695907
0.986997337647 0.00539709593954 0.00341145003488 0.00404746413456 0.000146652243965
0.99574765545 0.00037214898366 0.00358712140393 0.000146537081338 0.000146537081338
0.00010214674946 0.00010214674946 0.00010214674946 0.0479234078829 0.951770151869
0.000101617372784 0.000101617372784 0.000101617372784 0.000101617372784 0.999593530509
0.000103103005556 0.999229347363 0.000461343620665 0.000103103005556 0.000103103005556
0.000101021857031 0.000101021857031 0.999595912572 0.000101021857031 0.000101021857031
0.994368026789 0.00171560141747 0.00362328229561 0.000146544749151 0.000146544749151
0.995522865552 0.000146508404172 0.00403760923597 0.000146508404172 0.000146508404172
0.944590718528 0.0119442274171 0.00259042101682 0.0407278109202 0.000146822117489
0.987099847535 0.00486897878546 0.00419622885033 0.00368829293833 0.000146651891258
0.000100615251396 0.000100615251396 0.000100615251396 0.000100615251396 0.999597538994
0.996252113063 0.000146513958783 0.00330834506047 0.000146513958783 0.000146513958783
0.975585033836 0.0107498015491 0.00426233434475 0.00925614425129 0.000146686019064
0.995068076748 0.00118033877726 0.00345850031696 0.000146542079053 0.000146542079053
0.000100851935231 0.000100851935231 0.000100851935231 0.000100851935231 0.999596592259
0.994788503286 0.00129116752005 0.00362719927231 0.000146564960571 0.000146564960571
0.98940852029 0.00468022786034 0.00434825428179 0.00141636509109 0.000146632476601
0.000102493884313 0.000102493884313 0.000102493884313 0.0262996918902 0.973392826457
0.000102560755787 0.90894160698 0.000102560755787 0.0907507107523 0.000102560755787
0.000101231845912 0.000101231845912 0.999595072616 0.000101231845912 0.000101231845912
0.957800593257 0.0107410875159 0.0010918250296 0.0302196995652 0.000146794632387
0.992861736289 0.00273995548474 0.00410510290748 0.000146602659495 0.000146602659495
0.000102746489478 0.000102746489478 0.000102746489478 0.0153443298271 0.984347430704
0.000101692648859 0.000101692648859 0.000101692648859 0.000101692648859 0.999593229405
0.000101888587439 0.000101888587439 0.000101888587439 0.995834360622 0.00385997361567
0.996251363955 0.00014646533492 0.00330924004035 0.00014646533492 0.00014646533492
0.991521935871 0.00181820530658 0.00520253560619 0.000146593974636 0.00131072924186
0.968828858962 0.00835372391063 0.00650947772831 0.0141106135518 0.0021973258477
0.995322774467 0.000306302915545 0.00407781830919 0.000146552154377 0.000146552154377
0.996523155507 0.000146499766415 0.00303734519404 0.000146499766415 0.000146499766415
0.97463156291 0.00593074424954 0.00294503619312 0.0163459340525 0.000146722595094
0.985270675006 0.00408443135513 0.00412038618032 0.00637784205389 0.000146665404543
0.96423980656 0.00780137647713 0.002962312623 0.0248497273875 0.000146776951895
0.996779902543 0.000146454740014 0.0027807332369 0.000146454740014 0.000146454740014
0.961695631335 0.00676486154755 0.00399117741355 0.0274015492053 0.000146780498928
0.995839672808 0.000146545972264 0.00372068927515 0.000146545972264 0.000146545972264
0.995205099921 0.00024487984699 0.00425684775432 0.000146586239047 0.000146586239047
0.996565078102 0.000146551547339 0.00299526725556 0.000146551547339 0.000146551547339
0.994003947681 0.00119619983835 0.00410305133342 0.000146597910927 0.00055020323638
0.989501216411 0.00527995182377 0.00278929433453 0.00228289417839 0.000146643252451
0.994167974112 0.000146528678571 0.00500243525966 0.000146528678571 0.000536533271521
0.9958103497 0.000664959316344 0.00323160682813 0.000146542077605 0.000146542077605
0.994210185736 0.000146541662744 0.00489626442087 0.000146541662744 0.000600466517463
0.000101729472301 0.000101729472301 0.000101729472301 0.000101729472301 0.999593082111
0.992484208325 0.00102999773821 0.00361799742185 0.00272115560376 0.000146640911628
0.957872135945 0.00737264392088 0.00158071460535 0.0330277151474 0.000146790381054
0.994242248962 0.00177543078466 0.00368913333987 0.00014659345655 0.00014659345655
0.956924525632 0.00813409915789 0.00985675016005 0.0135416668901 0.0115429581601
0.965281696126 0.00773672334557 0.00202234780512 0.0248124712155 0.000146761507935
0.934202870734 0.0132003933901 0.0026831722127 0.0497666879185 0.000146875744959
0.977221864881 0.00608004304502 0.00331322757381 0.0132381573464 0.000146707153474
0.000100692718468 0.000100692718468 0.000100692718468 0.000100692718468 0.999597229126
0.000101327489534 0.000101327489534 0.999594690042 0.000101327489534 0.000101327489534
0.987586968135 0.00833322704465 0.00378665594906 0.000146574435424 0.000146574435424
0.993778826204 0.0025279402389 0.00340003637564 0.000146598590922 0.000146598590922
0.000103048483629 0.000103048483629 0.999587806065 0.000103048483629 0.000103048483629
0.97443340321 0.00617698745533 0.00304029220394 0.0162026025092 0.000146714621118
0.0001027400358 0.0001027400358 0.0001027400358 0.994472366395 0.00521941349799
0.000100983413299 0.000100983413299 0.999596066347 0.000100983413299 0.000100983413299
0.988869075622 0.00292392162999 0.00363188558305 0.00014662999513 0.00442848717031
0.000102242043976 0.000102242043976 0.999591031824 0.000102242043976 0.000102242043976
0.000101164057054 0.000101164057054 0.000101164057054 0.000101164057054 0.999595343772
0.987627526285 0.0041962998299 0.00417658248994 0.00385293822581 0.000146653169191
0.000101798663174 0.000101798663174 0.000101798663174 0.115363153245 0.884331450765
0.995547003021 0.000146495339278 0.00401351096113 0.000146495339278 0.000146495339278
0.993812536905 0.00133984805126 0.00455456055171 0.000146527246198 0.000146527246198
0.000101995446435 0.99824822187 0.00144579179058 0.000101995446435 0.000101995446435
0.995465520778 0.00104536804195 0.00319596272334 0.00014657422841 0.00014657422841
0.993039624257 0.00246211550816 0.00420509063587 0.000146584799543 0.000146584799543
0.000101455224874 0.000101455224874 0.000101455224874 0.000101455224874 0.999594179101
0.967134556464 0.00880511419039 0.00161649680961 0.0222970759878 0.00014675654796
0.963345458578 0.00803790639366 0.0032247598943 0.0252451111053 0.000146764028282
0.993141139613 0.00177373109602 0.00479198738185 0.000146570954786 0.000146570954786
0.000101714938098 0.000101714938098 0.000101714938098 0.999567923205 0.000126931980344
0.967308216721 0.00622855225409 0.00215399988898 0.0241624831795 0.000146747956554
0.97577082131 0.0053384603568 0.00297687552593 0.0157671221061 0.000146720700827
0.993526363785 0.00202741777781 0.00415308311434 0.000146567661362 0.000146567661362
0.996561781791 0.000146492817339 0.00299873975681 0.000146492817339 0.000146492817339
0.000101093572135 0.000101093572135 0.999595625711 0.000101093572135 0.000101093572135
0.994097641223 0.000146536913899 0.00473096362957 0.000146536913899 0.000878321319243
0.000101796283903 0.000101796283903 0.000101796283903 0.000101796283903 0.999592814864
0.994388940595 0.0010441223838 0.00427379210996 0.00014657245556 0.00014657245556
0.000101832668745 0.000101832668745 0.000101832668745 0.000101832668745 0.999592669325
0.995208816387 0.000214936218687 0.0042831179192 0.000146564737448 0.000146564737448
0.987774820816 0.00291746450581 0.00595139863921 0.000146580367806 0.00320973567072
0.995384953535 0.000146499980152 0.00417554652439 0.000146499980152 0.000146499980152
0.994031849071 0.000833877096617 0.00465381368638 0.000146601064644 0.000333859081271
0.000102349545834 0.913037783414 0.000102349545834 0.0866551679489 0.000102349545834
0.00010405088255 0.0443243430996 0.00010405088255 0.00010405088255 0.955363504253
0.000102093664116 0.000102093664116 0.999591625344 0.000102093664116 0.000102093664116
0.9693985986 0.0087321173447 0.00292620306754 0.0187963399929 0.000146740995271
0.000103483676109 0.000103483676109 0.000103483676109 0.999586065296 0.000103483676109
0.000101877838314 0.000101877838314 0.000101877838314 0.0749036078873 0.924790758598
0.000102755265938 0.000102755265938 0.000102755265938 0.0131504021493 0.986541332053
0.00010219576902 0.00010219576902 0.00010219576902 0.00010219576902 0.999591216924
0.960635120651 0.00670757852556 0.00211837995056 0.030392141548 0.000146779325084
0.992456525077 0.00146836699037 0.0050989293392 0.000146559284736 0.000829619309176
0.995772683403 0.000809691850999 0.00312454358496 0.000146540580343 0.000146540580343
0.000101139614364 0.000101139614364 0.999595441543 0.000101139614364 0.000101139614364
0.000101371990602 0.000101371990602 0.000101371990602 0.000101371990602 0.999594512038
0.000101110595034 0.000101110595034 0.99959555762 0.000101110595034 0.000101110595034
0.000100857568465 0.000100857568465 0.999596569726 0.000100857568465 0.000100857568465
0.951248684707 0.00850238770584 0.00131713457829 0.0387849831897 0.000146809819243
0.00010063355566 0.00010063355566 0.00010063355566 0.00010063355566 0.999597465777
0.000101351787182 0.000101351787182 0.000101351787182 0.000101351787182 0.999594592851
0.993153529677 0.00138303177944 0.00359172323624 0.00172508402534 0.000146631281599
0.995470029456 0.000146488223792 0.00409050587308 0.000146488223792 0.000146488223792
0.986566188157 0.00651897315784 0.00218823634641 0.00457993945398 0.000146662885209
0.992840113396 0.000146539270938 0.00510918163046 0.000146539270938 0.00175762643133
0.993619431968 0.000498227030983 0.00480573066812 0.000146564956233 0.000930045376168
0.000102253863592 0.000102253863592 0.000102253863592 0.0223680004989 0.97732523791
0.000101081222447 0.000101081222447 0.99959567511 0.000101081222447 0.000101081222447
0.000100828660844 0.000100828660844 0.999596685357 0.000100828660844 0.000100828660844
0.000101185993803 0.000101185993803 0.999595256025 0.000101185993803 0.000101185993803
0.995756688098 0.000146524730832 0.00380373770996 0.000146524730832 0.000146524730832
0.964758511348 0.00639012794577 0.00203849559363 0.0266661008349 0.00014676427756
0.995931046204 0.000146475309474 0.00362952786799 0.000146475309474 0.000146475309474
0.000101629277838 0.000101629277838 0.000101629277838 0.992339831161 0.00735528100575
0.996733805878 0.000146484144171 0.0028267416893 0.000146484144171 0.000146484144171
0.9906389617 0.00257097549007 0.00471019515874 0.00193323347857 0.000146634172216
0.994226523877 0.000913362577486 0.00456713355582 0.000146489994893 0.000146489994893
0.95789852625 0.0106730875837 0.00297633641698 0.0283052691332 0.000146780616517
0.000101806378745 0.000101806378745 0.000101806378745 0.999576089905 0.000118490958956
0.959213649784 0.0105162787835 0.00812492085063 0.0163928457428 0.00575230483946
0.936589845146 0.0159706437094 0.000146865109316 0.0471457809263 0.000146865109316
0.996450948197 0.000146497322822 0.00310955983491 0.000146497322822 0.000146497322822
0.000100954735361 0.000100954735361 0.999596181059 0.000100954735361 0.000100954735361
0.993694130113 0.000229834881517 0.00485880705289 0.000146522707791 0.00107070524522
0.993666406179 0.00174870122252 0.00429179622516 0.00014654818649 0.00014654818649
0.951236614817 0.0109789042338 0.0121285536948 0.0117333010773 0.0139226261768
0.00010250266455 0.914538848548 0.00010250266455 0.0851536434583 0.00010250266455
0.00010235197438 0.917503862162 0.00010235197438 0.0821890819153 0.00010235197438
0.990480479288 0.00493716574142 0.00405264304827 0.000148791522649 0.000380920399294
0.000101819275223 0.000101819275223 0.999592722899 0.000101819275223 0.000101819275223
0.994956015483 0.00014654981187 0.00458860233735 0.00014654981187 0.000162282555785
0.994803201875 0.000146522309589 0.00385197921079 0.000146522309589 0.00105177429526
0.988647305804 0.00490976329268 0.00310009653748 0.00319618736237 0.000146647003109
0.000100769486585 0.000100769486585 0.000100769486585 0.000100769486585 0.999596922054
0.000102235595859 0.000102235595859 0.999591057617 0.000102235595859 0.000102235595859
0.996140181112 0.000146497376332 0.00342032675933 0.000146497376332 0.000146497376332
0.995968348808 0.000146475853844 0.00359222363064 0.000146475853844 0.000146475853844
0.000101867074752 0.000101867074752 0.000101867074752 0.99058099774 0.00911340103538
0.000101906762441 0.997523970953 0.00217030876015 0.000101906762441 0.000101906762441
0.996686733005 0.000146465067611 0.00287387179257 0.000146465067611 0.000146465067611
0.000101184533637 0.000101184533637 0.999595261865 0.000101184533637 0.000101184533637
0.988267189533 0.00298198665575 0.00800460019099 0.000146559233606 0.000599664386194
0.000100912017412 0.000100912017412 0.99959635193 0.000100912017412 0.000100912017412
0.995881533532 0.000146532878113 0.00303408976841 0.000146532878113 0.000791310943759
0.996190326364 0.000146507671538 0.00337015062089 0.000146507671538 0.000146507671538
0.995402891757 0.00014674727099 0.00415732853056 0.000146516220718 0.000146516220718
0.997645455083 0.000146414153074 0.00191530245815 0.000146414153074 0.000146414153074
0.987600656172 0.005012527252 0.00445520834886 0.00201268770007 0.000918920527121
0.000100909011431 0.000100909011431 0.000100909011431 0.000100909011431 0.999596363954
0.994472276362 0.00172570188458 0.00350895227544 0.000146534739215 0.000146534739215
0.991664462981 0.00296685398522 0.00472349387142 0.000146588909145 0.000498600252969
0.991603122761 0.00434007785933 0.00335914861353 0.000551029558321 0.000146621207484
0.000101102733695 0.000101102733695 0.999595589065 0.000101102733695 0.000101102733695
0.992139459159 0.0038593436561 0.00370799962875 0.000146598777928 0.000146598777928
0.994864674755 0.000146527247108 0.00469574350402 0.000146527247108 0.000146527247108
0.969931763305 0.00440423119184 0.00244370730147 0.0230735462369 0.000146751964561
