0.00010108307989 0.99969675076 0.00010108307989 0.00010108307989
0.0121511906713 0.00326634120282 0.984395477858 0.000186990267426
0.0200688737698 0.000102997945907 0.000102997945907 0.979725130338
0.0262018181135 0.00237832813593 0.967801662011 0.00361819173986
0.000100162775525 0.000100162775525 0.000100162775525 0.999699511673
0.00963111221531 0.00451451100791 0.985707584413 0.000146792363863
0.00181968130924 0.00501299221759 0.993020557244 0.000146769229311
0.00127854320585 0.00458924431696 0.993985454098 0.000146758379245
0.000101119688863 0.999696640933 0.000101119688863 0.000101119688863
0.00518693049347 0.0030045444283 0.991661762593 0.000146762485311
0.00455898442674 0.00496511072707 0.990329125514 0.000146779332593
9.99800039992e-05 9.99800039992e-05 9.99800039992e-05 0.999700059988
0.962394786022 0.0374089274568 9.81432608403e-05 9.81432608403e-05
0.0119196962844 0.00378158134603 0.983930263456 0.000368458913444
0.00226923484244 0.00478346997892 0.992800536845 0.000146758333355
0.0240170767038 0.043576983763 0.000102595145973 0.932303344387
0.0406177326659 0.00339528722292 0.950599155931 0.00538782417972
0.0158653801896 0.00264467874733 0.980536784331 0.00095315673193
0.000101970792144 0.000101970792144 0.000101970792144 0.999694087624
0.00856978079727 0.0040101638439 0.987273268935 0.000146786423433
0.000100984908474 0.000100984908474 0.000100984908474 0.999697045275
0.56247261548 0.000130065938457 0.000130065938457 0.437267252643
0.0241805365082 0.00153421070448 0.973288181619 0.000997071168754
0.0158988088589 0.00254330954256 0.981411067462 0.000146814136904
0.000101078076078 0.999696765772 0.000101078076078 0.000101078076078
0.00010251541714 0.00010251541714 0.00010251541714 0.999692453749
0.00656727661628 0.00533756546593 0.987228757439 0.000866400479139
0.00799076893513 0.00398891354921 0.987873534436 0.000146783079954
0.956431474048 0.0433726671398 9.79294060286e-05 9.79294060286e-05
0.0475223040652 0.000146929873842 0.945047701752 0.00728306430916
0.00762041025056 0.00352716421986 0.988705642821 0.000146782708179
0.000398478406573 0.00347558718249 0.995979192541 0.000146741869464
0.015199561321 0.00276020696258 0.981893420874 0.000146810842061
0.00135239451563 0.00430402004 0.994196834183 0.000146751260882
0.051711065327 0.000146958572362 0.939448830702 0.00869314539839
0.0252173101039 0.000605962159422 0.974029883439 0.000146844297608
0.000100664936413 0.000100664936413 0.000100664936413 0.999698005191
0.00421247277819 0.00486354196862 0.990777213181 0.00014677207215
0.962167142489 0.0376366251321 9.81161894495e-05 9.81161894495e-05
0.000102114454231 0.000102114454231 0.000102114454231 0.999693656637
0.00259292857806 0.00475289885216 0.992507399697 0.000146772872698
0.95895486727 0.0408487755161 9.81786067264e-05 9.81786067264e-05
0.0257571772835 0.000306980453439 0.97329387661 0.000641965653308
0.000101776361829 0.000101776361829 0.000101776361829 0.999694670915
0.00192176396416 0.00448509573078 0.993446372404 0.00014676790079
0.990807545334 0.00872211014907 0.00010087284317 0.000369471673733
0.00340154105634 0.00513314949585 0.991318530778 0.000146778669831
0.0161713021787 0.00967845802757 0.960228020629 0.0139222191645
0.00753696873935 0.00424473540196 0.988071509568 0.000146786290784
0.00174841941114 0.00551519299015 0.992589620123 0.000146767475923
0.00701430420366 0.00311491110804 0.989724007246 0.000146777442329
0.0163516340973 0.00246775535127 0.981033794448 0.000146816103439
0.000101432160039 0.000101432160039 0.000101432160039 0.99969570352
0.0119117162686 0.00229871509757 0.985642780457 0.00014678817681
0.00759576239476 0.00473110789956 0.98734840432 0.000324725385965
0.00306281782712 0.00614571669621 0.990232415075 0.000559050401728
0.000101423550608 0.000101423550608 0.000101423550608 0.999695729348
0.000105328594378 0.000102681964425 0.000102681964425 0.999689307477
0.00474034016258 0.00587563122194 0.988853994666 0.000530033949073
0.00102436740829 0.00368353195811 0.995145339794 0.000146760839292
0.000101683195021 0.000101683195021 0.000101683195021 0.999694950415
0.0259057849062 0.0034251352475 0.963500066854 0.00716901299238
0.00492416289945 0.00343136832699 0.991497704124 0.000146764649407
0.000101109235071 0.999696672295 0.000101109235071 0.000101109235071
0.00799634393961 0.00320002731439 0.988656849799 0.000146778946818
0.00588338923009 0.00376600202285 0.990203832535 0.000146776212006
0.990923856175 0.00806627101692 0.000100643619608 0.000909229188877
0.0027164927415 0.00501230585233 0.992124440673 0.000146760733239
0.00346233048769 0.00503474835996 0.9913561488 0.000146772352691
0.00603166349321 0.0037801890183 0.990041369946 0.000146777542344
0.00261897217968 0.00449700621727 0.992737264818 0.00014675678464
0.0173883683929 0.00403669225056 0.97380906906 0.00476587029626
0.000100987858837 0.999697036423 0.000100987858837 0.000100987858837
0.000101035042459 0.999696894873 0.000101035042459 0.000101035042459
0.0165737353595 0.00252194275131 0.980757510311 0.000146811578458
0.00150877001093 0.00524795789749 0.993096501809 0.00014677028222
9.99800039992e-05 9.99800039992e-05 9.99800039992e-05 0.999700059988
0.000101105359986 0.99969668392 0.000101105359986 0.000101105359986
0.00627430645504 0.00349430736806 0.990084618935 0.00014676724163
0.98785455782 0.0119439558727 0.000100743153855 0.000100743153855
0.00149848170145 0.00466635040461 0.993688405055 0.00014676283877
0.0255011442382 0.0013149546326 0.971221445167 0.00196245596213
0.00282314132638 0.00384781386465 0.993182289145 0.000146755663639
0.026003077464 0.000316611216313 0.972945641329 0.000734669990587
0.0111253967615 0.00293979802918 0.985788017588 0.000146787620911
0.553641066382 0.000115403738144 0.000115403738144 0.446128126142
0.02180663822 0.00159313353664 0.975485257374 0.00111497086942
0.0066042113112 0.00572384997537 0.987065239038 0.0006066996751
0.00353793432637 0.00384181388059 0.992473490834 0.000146760958891
0.00277102423035 0.00518475372771 0.991897446472 0.000146775570262
9.99800039992e-05 9.99800039992e-05 9.99800039992e-05 0.999700059988
0.0196053933579 0.012738085103 0.946456089671 0.0212004318682
0.0142891082095 0.00256715122644 0.982996927633 0.000146812930978
0.00421698370232 0.00429610450637 0.991340144055 0.000146767736449
0.962335001441 0.0374687373339 9.81306125221e-05 9.81306125221e-05
0.00271152218642 0.00483351225055 0.992308187331 0.000146778231895
0.00354411140163 0.00563974221766 0.98988151614 0.000934630240426
0.00604304188225 0.00591512908357 0.986893749413 0.00114807962157
0.0128345012544 0.00272927443663 0.984289419135 0.000146805173506
0.0181493103336 0.00172934448296 0.97997453402 0.000146811163025
0.0426174979702 0.000146909278749 0.953008159646 0.00422743310505
0.000248736432086 0.00417103078825 0.995433485678 0.0001467471017
0.00867528660307 0.00370433391001 0.98747359622 0.000146783266749
0.0199045157219 0.00252206005824 0.977258248136 0.000315176083744
0.00559270888632 0.00388030423385 0.99038022878 0.000146758099704
0.00552675610196 0.00491164914795 0.989414812055 0.000146782695512
0.0235749084112 0.00171120786547 0.972610602235 0.00210328148801
0.00593487766762 0.0038858296634 0.990032511181 0.000146781488137
0.991402070156 0.00839684417983 0.000100542832241 0.000100542832241
0.000101353706977 0.999695938879 0.000101353706977 0.000101353706977
0.0305336298079 0.000592957551944 0.966300558727 0.00257285391281
0.00236613732309 0.00465022484768 0.992836871874 0.000146765955308
0.021142845481 0.0119104812054 0.945862307524 0.0210843657893
0.00283202214191 0.00532356215968 0.991697645517 0.000146770181775
0.00273484065618 0.00525789986728 0.991860476418 0.000146783058753
0.00855698692667 0.00451511183227 0.986781110467 0.000146790773981
0.0199141220668 0.00104025311344 0.978898802799 0.000146822021049
0.00594119535998 0.00502390768658 0.988888118322 0.000146778631667
0.000100983198001 0.000100983198001 0.000100983198001 0.999697050406
0.0283901659309 0.000255646378602 0.97074828896 0.00060589873101
0.000101498374906 0.999695504875 0.000101498374906 0.000101498374906
0.0264222444531 0.000514087960255 0.972916826629 0.000146840957214
0.0127808732904 0.00256033087828 0.98451199851 0.000146797321535
0.000101468232031 0.999695595304 0.000101468232031 0.000101468232031
0.0045091354638 0.00431696622387 0.991027134091 0.000146764221201
0.0014329190165 0.00486389093579 0.992961816338 0.000741373709657
0.000100184626184 0.000100184626184 0.000100184626184 0.999699446121
0.958395383687 0.041408373289 9.81215120435e-05 9.81215120435e-05
0.00620395914583 0.0052812446305 0.987735847718 0.000778948506089
0.0355779391933 0.00014688302772 0.961353529388 0.00292164839075
0.000100195498962 0.000100195498962 0.000100195498962 0.999699413503
0.00525463715974 0.00512654115822 0.98771260075 0.0019062209325
0.0044088604186 0.00396072515184 0.99148364539 0.000146769039773
0.0031180348984 0.00314623428399 0.993588961559 0.000146769259065
0.0039278843095 0.00439172039518 0.991533635243 0.000146760052259
0.0118219253322 0.00277442768285 0.985256862682 0.000146784303454
0.0161244038292 0.0022409288895 0.981487860311 0.000146806970404
0.00391857469615 0.00491030544047 0.991024336542 0.000146783321648
0.0220855874158 0.000102812721032 0.000102812721032 0.977708787142
0.00010124119729 0.999696276408 0.00010124119729 0.00010124119729
0.00156527620619 0.00461883896669 0.9936691183 0.000146766527168
0.00063859218929 0.00405328602278 0.995161373512 0.000146748275737
0.0120139878622 0.00202700665031 0.985812212675 0.000146792812476
0.0298432812719 0.000103162663989 0.000103162663989 0.9699503934
0.00296263127712 0.00379935436045 0.993091260111 0.000146754251289
0.00321225795471 0.00341506076334 0.989760536615 0.00361214466701
0.00356221262441 0.00501022252027 0.991280790835 0.000146774020277
0.000100829506561 0.99969751148 0.000100829506561 0.000100829506561
0.00010133351181 0.00010133351181 0.00010133351181 0.999695999465
0.0228218450859 0.000888976262429 0.976142339191 0.000146839461074
0.000338879864587 0.00429095626756 0.995223396827 0.00014676704124
0.00485364740638 0.00329674837911 0.991702842898 0.00014676131672
0.000100954199004 0.999697137403 0.000100954199004 0.000100954199004
0.00775783727743 0.00423288188677 0.987862516383 0.000146764452672
0.00519678707194 0.00441358920253 0.986736843534 0.00365278019187
0.00598621246743 0.00518003353865 0.983161659704 0.00567209429022
0.000100828185317 0.000100828185317 0.000100828185317 0.999697515444
0.0144354336003 0.00411742175418 0.978375694182 0.00307145046324
0.00430747880163 0.00483608777174 0.990665852255 0.000190581172078
0.0294759250401 0.00102373478787 0.965700488747 0.00379985142509
0.0121762717824 0.00329670369708 0.984380224717 0.00014679980356
0.00392977555913 0.00366871507076 0.992254746482 0.000146762888249
0.00010247696662 0.00010247696662 0.00010247696662 0.9996925691
0.000100546608467 0.000100546608467 0.000100546608467 0.999698360175
0.963802346063 0.0359997044646 9.89747361527e-05 9.89747361527e-05
0.0001010207753 0.999696937674 0.0001010207753 0.0001010207753
0.00465516724491 0.00409215694161 0.991105908657 0.000146767156317
0.00253299607588 0.00459419543214 0.992726041949 0.000146766542775
0.0381083396387 0.00145956908238 0.955322601046 0.0051094902333
0.0105163087079 0.00422457343126 0.984545882794 0.000713235066839
9.99800039992e-05 9.99800039992e-05 9.99800039992e-05 0.999700059988
0.00292525373643 0.00360493961447 0.99332305566 0.00014675098892
0.0182327774354 0.00460716882298 0.975256717295 0.00190333644694
0.00449313090674 0.00364584709941 0.991714254052 0.00014676794215
9.99800039992e-05 9.99800039992e-05 9.99800039992e-05 0.999700059988
0.00541611771039 0.00355688898625 0.990880224548 0.000146768755539
0.0107585060051 0.00397864464259 0.985116055763 0.000146793589254
0.00010209491024 0.00010209491024 0.00010209491024 0.999693715269
0.989865567504 0.00940593739677 0.000100859401616 0.000627635697706
0.000101243517724 0.999696269447 0.000101243517724 0.000101243517724
0.0330625021724 0.000146882142719 0.963888827086 0.00290178859892
0.00726260473299 0.00393264396587 0.988657977981 0.000146773320155
0.000102001652752 0.000102001652752 0.000102001652752 0.999693995042
0.000100598519081 0.000100598519081 0.000100598519081 0.999698204443
0.552593814923 0.000116181380825 0.000116181380825 0.447173822316
0.000631530426192 0.00449027891635 0.99473143356 0.000146757097489
0.00719945605129 0.00503749665038 0.986942957786 0.000820089512804
0.018590879222 0.00627856062896 0.968090574131 0.00703998601847
0.00390112612994 0.00407841596232 0.991873689379 0.000146768528338
0.000878845588789 0.00409895294586 0.994875436429 0.000146765036795
0.0196851127802 0.00239051398602 0.976789132532 0.0011352407014
0.0131637702937 0.00346199294128 0.983227431094 0.00014680567094
0.02372409709 0.0023088622657 0.967862629119 0.00610441152496
0.000146763203271 0.00426507909139 0.995441394502 0.000146763203271
0.0234193532237 0.00321197454394 0.966696013407 0.00667265882579
0.00348337545294 0.00376420787015 0.99260564263 0.000146774046683
0.00465938377654 0.00386002301323 0.991333828581 0.000146764629028
0.00378031099808 0.00289664711089 0.993176272881 0.000146769009995
0.00599641768908 0.00385852888579 0.98999826256 0.000146790865304
0.010717738809 0.00267619815197 0.986459271072 0.00014679196696
0.00350888625707 0.00529770903313 0.991046626373 0.000146778336811
0.00390964553866 0.00336942392695 0.992574171542 0.000146758992346
0.00303688182578 0.0054294149519 0.991386918868 0.000146784354572
0.000100639811235 0.000100639811235 0.000100639811235 0.999698080566
0.00827925640576 0.00269722712207 0.988876728955 0.000146787517656
0.0323925274007 0.000146869349581 0.966028097731 0.00143250551906
0.00586877578698 0.003610828415 0.990373622005 0.000146773792932
0.0197641509713 0.00931451306525 0.954396617395 0.0165247185685
0.0259101089311 0.00122983944508 0.971198607669 0.00166144395481
0.0438171995727 0.000725104556976 0.944880183592 0.0105775122788
0.0184456204584 0.00260779822462 0.978054404348 0.000892176968656
9.99800039992e-05 9.99800039992e-05 9.99800039992e-05 0.999700059988
0.000101352845954 0.999695941462 0.000101352845954 0.000101352845954
0.0113152004956 0.00456862689393 0.983969398545 0.000146774065072
0.00655391950444 0.00333483353696 0.989964476309 0.000146770649298
0.00010302210949 0.999690933672 0.00010302210949 0.00010302210949
0.0201387450845 0.00253072991801 0.977183705846 0.000146819151745
0.554165658617 0.000116790594491 0.000116790594491 0.445600760194
0.000100981900734 0.999697054298 0.000100981900734 0.000100981900734
0.00748460325485 0.00378856335569 0.985146370166 0.00358046322371
0.000102250703848 0.999693247888 0.000102250703848 0.000102250703848
0.000100081256268 0.000100081256268 0.000100081256268 0.999699756231
0.0110942150545 0.00390054147886 0.984176813314 0.000828430152523
0.0232278867369 0.000103152671063 0.000103152671063 0.976565807921
0.00143608220547 0.00500831070979 0.993408844838 0.000146762246633
0.00426103262074 0.00504768277623 0.990544514013 0.000146770590144
0.962402529536 0.0374013556249 9.8057419748e-05 9.8057419748e-05
0.00508786129812 0.00301474001026 0.99175064107 0.000146757621598
0.00596152310408 0.00443111216112 0.989460587182 0.000146777553203
0.000100400049201 0.000100400049201 0.000100400049201 0.999698799852
0.0262414770315 0.000861249869683 0.971423061534 0.00147421156462
0.0262337622951 0.00226725247136 0.968041404988 0.00345758024599
0.0053465254731 0.00505989663653 0.989446797142 0.000146780747895
0.553624698923 0.000116184097635 0.000116184097635 0.446142932882
0.0252770915234 0.00119872155142 0.973377350659 0.000146836266149
0.0187303382068 0.00229910975069 0.978040673052 0.000929878990705
0.00575188027003 0.00431876088104 0.989782586519 0.000146772329861
0.000146752885776 0.00429126971033 0.995415224518 0.000146752885776
0.00010111221233 0.999696663363 0.00010111221233 0.00010111221233
0.00402498204122 0.00508116729268 0.990747064152 0.000146786514171
0.000100746532489 0.000100746532489 0.000100746532489 0.999697760403
0.00507211190965 0.00418924749252 0.99059186382 0.000146776777656
0.000100789244406 0.000100789244406 0.000100789244406 0.999697632267
0.00413593797317 0.00413541588601 0.99158187203 0.000146774111042
0.00811869935351 0.00615487674864 0.982953132479 0.00277329141876
0.00260547038805 0.00482536213942 0.992422406118 0.000146761354509
0.00605203657582 0.00415930265699 0.989641871195 0.000146789571941
0.990665500198 0.00913338356275 0.000100558119415 0.000100558119415
0.0354314858671 0.000103216329124 0.000103216329124 0.964362081475
0.000102103661753 0.999693689015 0.000102103661753 0.000102103661753
0.0231609185612 0.00238138865494 0.971447891754 0.00300980102999
0.564881255262 0.000119184342825 0.000119184342825 0.434880376052
0.00496483279143 0.000102755607783 0.000102755607783 0.994829655993
0.000101915916483 0.000101915916483 0.000101915916483 0.999694252251
0.00010109137879 0.00010109137879 0.00010109137879 0.999696725864
0.0284180617373 0.000983030157876 0.968795467647 0.00180344045756
0.00509288172147 0.00554119102115 0.989083619856 0.000282307401301
0.00407412191034 0.00321837563816 0.992560738182 0.000146764269237
0.000101149156538 0.99969655253 0.000101149156538 0.000101149156538
0.000100258186198 0.000100258186198 0.000100258186198 0.999699225441
0.000101124147639 0.999696627557 0.000101124147639 0.000101124147639
0.000100837042196 0.999697488873 0.000100837042196 0.000100837042196
0.0356836409143 0.000146882517978 0.962000571802 0.00216890476526
9.99800039992e-05 9.99800039992e-05 9.99800039992e-05 0.999700059988
0.000100263858857 0.000100263858857 0.000100263858857 0.999699208423
0.00756041504169 0.00292183016897 0.989370974403 0.000146780386619
0.000462901650821 0.00522803494923 0.994162305026 0.000146758373888
0.013413050232 0.0020134554092 0.98442669124 0.000146803118689
0.00438340012641 0.00542659335867 0.989238726143 0.000951280371805
0.0042350913141 0.0051406959331 0.990344093573 0.000280119180055
0.00010172665895 0.00010172665895 0.00010172665895 0.999694820023
0.000101083857045 0.999696748429 0.000101083857045 0.000101083857045
0.00010080998994 0.99969757003 0.00010080998994 0.00010080998994
0.000101201643484 0.99969639507 0.000101201643484 0.000101201643484
0.00278610623487 0.00418585346513 0.992881283851 0.000146756449274
0.026276900048 0.00107523095158 0.971758518283 0.000889350716888
0.000412930184087 0.00498314022285 0.994457167277 0.000146762315994
0.544565785088 0.000115580576358 0.000115580576358 0.455203053759
0.00172473638746 0.0035751570641 0.994553354461 0.000146752087735
0.0088806677866 0.00426565470343 0.986706882977 0.000146794532823
0.00276548251296 0.00554840287892 0.991539349468 0.000146765139708
0.0288301485886 0.0023629152596 0.964093649955 0.00471328619698
0.555557638726 0.000116439318841 0.000116439318841 0.444209482636
0.0232908347974 0.00761483216133 0.957696528015 0.0113978050259
0.0460088385636 0.00014694019647 0.948387558912 0.00545666232821
0.00190146070693 0.00384488187235 0.994106895709 0.000146761711944
0.000100951891473 0.999697144326 0.000100951891473 0.000100951891473
0.00388853003906 0.00540270648354 0.990512038316 0.000196725161814
0.00486406977807 0.0047226507793 0.990266510886 0.000146768556915
0.0222166838652 0.0117521593329 0.947711093276 0.018320063526
0.990726768854 0.00858768379156 0.000100720884784 0.000584826470154
0.990901373448 0.0088976614313 0.000100482560521 0.000100482560521
0.00857346552028 0.00430437392771 0.986975368363 0.00014679218917
0.000101896516211 0.999694310451 0.000101896516211 0.000101896516211
0.00374072470837 0.00478649042215 0.991326003827 0.000146781042603
0.00247781945489 0.00472434234877 0.992403763524 0.000394074672463
0.0119303236787 0.00265467280814 0.98526820918 0.000146794332797
9.99800039992e-05 9.99800039992e-05 9.99800039992e-05 0.999700059988
0.000102352840692 0.999692941478 0.000102352840692 0.000102352840692
0.00108262926682 0.00434975350731 0.994420852455 0.000146764771185
0.00199332150537 0.00443288843879 0.993427028632 0.000146761423856
0.545392024997 0.000115657737985 0.000115657737985 0.454376659527
0.961017582177 0.0387866280462 9.78948885075e-05 9.78948885075e-05
0.00123209419123 0.00380486088485 0.994816302499 0.000146742425287
0.000101196285236 0.999696411144 0.000101196285236 0.000101196285236
0.00589961797175 0.00855229955235 0.985132044407 0.000416038068886
0.000100899837904 0.999697300486 0.000100899837904 0.000100899837904
0.0028145404041 0.00363840757369 0.993400253528 0.000146798494655
0.00228671782031 0.00402178338444 0.993544717554 0.000146781240842
0.0032043332846 0.00445308560393 0.99219582353 0.00014675758186
0.00014674611011 0.00319821249519 0.996508295285 0.00014674611011
0.0104189951762 0.00445534009567 0.983846632363 0.00127903236465
9.99800039992e-05 9.99800039992e-05 9.99800039992e-05 0.999700059988
0.00455186757947 0.00407316030498 0.9912282053 0.000146766815918
0.00749281848536 0.00483003064704 0.987530361513 0.000146789354758
0.00917852556915 0.00306869006264 0.98760600903 0.000146775338303
0.000101118079356 0.999696645762 0.000101118079356 0.000101118079356
0.00825216062483 0.0036579853356 0.987943067025 0.000146787014881
0.00289524884544 0.00521634642331 0.991741630551 0.000146774180356
0.0239058667357 0.00092261534616 0.974626443631 0.000545074287199
