0.000101051263034 0.000101051263034 0.000101051263034 0.000101051263034 0.000101051263034 0.999090538633 0.000101051263034 0.000101051263034 0.000101051263034 0.000101051263034
0.203084892872 0.374492422072 0.000124611196416 0.000124611196416 0.000124611196416 0.000124611196416 0.000124611196416 0.000124611196416 0.421550406681 0.000124611196416
0.000101897225501 0.000101897225501 0.000101897225501 0.000101897225501 0.000101897225501 0.000101897225501 0.99908292497 0.000101897225501 0.000101897225501 0.000101897225501
0.000118719895751 0.998931520938 0.000118719895751 0.000118719895751 0.000118719895751 0.000118719895751 0.000118719895751 0.000118719895751 0.000118719895751 0.000118719895751
0.000101547230236 0.000101547230236 0.0058573694672 0.990106912889 0.000101547230236 0.000101547230236 0.00332488703231 0.000101547230236 0.000101547230236 0.000101547230236
0.246613329986 0.121815697446 0.000126291949895 0.000126291949895 0.000126291949895 0.000126291949895 0.000126291949895 0.000126291949895 0.630686928919 0.000126291949895
0.106867161799 0.000125896216265 0.000125896216265 0.000125896216265 0.000125896216265 0.000125896216265 0.000125896216265 0.000125896216265 0.892125668471 0.000125896216265
0.583769283516 0.000124222240897 0.000124222240897 0.000124222240897 0.000124222240897 0.000124222240897 0.000124222240897 0.000124222240897 0.415236938557 0.000124222240897
0.000101027283061 0.000101027283061 0.000101027283061 0.000101027283061 0.000101027283061 0.999090754452 0.000101027283061 0.000101027283061 0.000101027283061 0.000101027283061
0.99887440641 0.000125065954417 0.000125065954417 0.000125065954417 0.000125065954417 0.000125065954417 0.000125065954417 0.000125065954417 0.000125065954417 0.000125065954417
0.000118093421749 0.000118093421749 0.000118093421749 0.000118093421749 0.000118093421749 0.000118093421749 0.000118093421749 0.000118093421749 0.998937159204 0.000118093421749
0.000101348640265 0.000101348640265 0.000101348640265 0.999087862238 0.000101348640265 0.000101348640265 0.000101348640265 0.000101348640265 0.000101348640265 0.000101348640265
0.00010229777959 0.00010229777959 0.00010229777959 0.00010229777959 0.00010229777959 0.00010229777959 0.00010229777959 0.999079319984 0.00010229777959 0.00010229777959
0.405606087635 0.437094447065 0.000124925816136 0.000124925816136 0.000124925816136 0.000124925816136 0.000124925816136 0.000124925816136 0.156424984587 0.000124925816136
0.546660650345 0.000123064984735 0.000123064984735 0.000123064984735 0.000123064984735 0.000123064984735 0.000123064984735 0.000123064984735 0.452354829777 0.000123064984735
0.000101415003269 0.000101415003269 0.000101415003269 0.000101415003269 0.000101415003269 0.0344041160084 0.964784563965 0.000101415003269 0.000101415003269 0.000101415003269
0.000123705338309 0.99265793398 0.000123705338309 0.000123705338309 0.00160547484903 0.00466649693595 0.000123705338309 0.000123705338309 0.000123705338309 0.000327862204675
0.000122565475125 0.731860171715 0.000122565475125 0.000122565475125 0.000122565475125 0.000122565475125 0.000122565475125 0.000122565475125 0.267159304484 0.000122565475125
0.00010106205983 0.00010106205983 0.514497572749 0.00010106205983 0.00010106205983 0.00010106205983 0.484693930772 0.00010106205983 0.00010106205983 0.00010106205983
0.00982450369212 0.246146905962 0.000125254215188 0.000125254215188 0.000125254215188 0.000125254215188 0.000125254215188 0.000125254215188 0.74315181084 0.000125254215188
0.000101598785707 0.000101598785707 0.773884272496 0.179525514111 0.000101598785707 0.000101598785707 0.045879021893 0.000101598785707 0.000101598785707 0.000101598785707
0.000111318849443 0.000111318849443 0.000111318849443 0.000111318849443 0.000111318849443 0.000111318849443 0.000111318849443 0.000111318849443 0.000111318849443 0.998998130355
0.00012268359964 0.998895847603 0.00012268359964 0.00012268359964 0.00012268359964 0.00012268359964 0.00012268359964 0.00012268359964 0.00012268359964 0.00012268359964
0.127376951459 0.871627896152 0.000124394048658 0.000124394048658 0.000124394048658 0.000124394048658 0.000124394048658 0.000124394048658 0.000124394048658 0.000124394048658
0.000101019505505 0.000101019505505 0.000101019505505 0.000101019505505 0.000101019505505 0.99909082445 0.000101019505505 0.000101019505505 0.000101019505505 0.000101019505505
0.000102648241116 0.000102648241116 0.73395671505 0.186210907268 0.000102648241116 0.000102648241116 0.0791138399945 0.000102648241116 0.000102648241116 0.000102648241116
0.451973552893 0.111122979527 0.000128070474981 0.000128070474981 0.000128070474981 0.000128070474981 0.000128070474981 0.000128070474981 0.436006974255 0.000128070474981
0.70411485309 0.138610199856 0.000125329740233 0.000125329740233 0.000125329740233 0.000125329740233 0.000125329740233 0.000125329740233 0.156397638873 0.000125329740233
0.000102324501144 0.000102324501144 0.000102324501144 0.000102324501144 0.000102324501144 0.000102324501144 0.000102324501144 0.99907907949 0.000102324501144 0.000102324501144
0.00011182879721 0.990852668416 0.00011182879721 0.00283604964997 0.00117218972839 0.00011182879721 0.00011182879721 0.00011182879721 0.00011182879721 0.00446811942245
0.731537453163 0.267463666279 0.000124860069697 0.000124860069697 0.000124860069697 0.000124860069697 0.000124860069697 0.000124860069697 0.000124860069697 0.000124860069697
0.818308557196 0.000123101138383 0.000123101138383 0.000123101138383 0.000123101138383 0.000123101138383 0.000123101138383 0.000123101138383 0.180706633697 0.000123101138383
0.367643250885 0.420745764065 0.000126381698347 0.000126381698347 0.000126381698347 0.000126381698347 0.000126381698347 0.000126381698347 0.210726313162 0.000126381698347
0.694479126819 0.000123427678823 0.000123427678823 0.000123427678823 0.000123427678823 0.000123427678823 0.000123427678823 0.000123427678823 0.30453345175 0.000123427678823
0.000116573837009 0.97430063554 0.000116573837009 0.00318441958872 0.00746319434245 0.000116573837009 0.000116573837009 0.000116573837009 0.000116573837009 0.0143523075071
0.000121141536068 0.998909726175 0.000121141536068 0.000121141536068 0.000121141536068 0.000121141536068 0.000121141536068 0.000121141536068 0.000121141536068 0.000121141536068
0.000102297940693 0.000102297940693 0.0130931382551 0.982771001031 0.000102297940693 0.000102297940693 0.00341977512876 0.000102297940693 0.000102297940693 0.000102297940693
0.472054583713 0.100891993104 0.000126212178954 0.000126212178954 0.000126212178954 0.000126212178954 0.000126212178954 0.000126212178954 0.426169937931 0.000126212178954
0.000102283239583 0.000102283239583 0.000102283239583 0.000102283239583 0.000102283239583 0.000102283239583 0.000102283239583 0.999079450844 0.000102283239583 0.000102283239583
0.000104784885303 0.000104784885303 0.000104784885303 0.992694926599 0.000104784885303 0.000104784885303 0.00646679431836 0.000104784885303 0.000104784885303 0.000104784885303
0.000119178657087 0.000119178657087 0.000119178657087 0.000119178657087 0.000119178657087 0.000119178657087 0.000119178657087 0.000119178657087 0.998927392086 0.000119178657087
0.000102534837405 0.000102534837405 0.000102534837405 0.000102534837405 0.000102534837405 0.000102534837405 0.000102534837405 0.999077186463 0.000102534837405 0.000102534837405
0.000120463720359 0.592841364187 0.000120463720359 0.000120463720359 0.00157482777149 0.000120463720359 0.000120463720359 0.000120463720359 0.404740561999 0.000120463720359
0.000101297015279 0.000101297015279 0.59293592226 0.10107963691 0.000101297015279 0.000101297015279 0.305275361722 0.000101297015279 0.000101297015279 0.000101297015279
0.000119797128174 0.000119797128174 0.000119797128174 0.000119797128174 0.000119797128174 0.000119797128174 0.000119797128174 0.000119797128174 0.998921825846 0.000119797128174
0.000102776556415 0.000102776556415 0.000102776556415 0.000102776556415 0.999075010992 0.000102776556415 0.000102776556415 0.000102776556415 0.000102776556415 0.000102776556415
0.50156310601 0.000124849867668 0.000124849867668 0.000124849867668 0.000124849867668 0.000124849867668 0.000124849867668 0.000124849867668 0.497438095049 0.000124849867668
0.000120481033079 0.000120481033079 0.000120481033079 0.000120481033079 0.000120481033079 0.000120481033079 0.000120481033079 0.000120481033079 0.998915670702 0.000120481033079
0.998858772256 0.000126803082661 0.000126803082661 0.000126803082661 0.000126803082661 0.000126803082661 0.000126803082661 0.000126803082661 0.000126803082661 0.000126803082661
0.593118783538 0.00012530226876 0.00012530226876 0.00012530226876 0.00012530226876 0.00012530226876 0.00012530226876 0.00012530226876 0.405878798312 0.00012530226876
0.739470760679 0.259536090592 0.000124143591212 0.000124143591212 0.000124143591212 0.000124143591212 0.000124143591212 0.000124143591212 0.000124143591212 0.000124143591212
0.132210158946 0.86679298348 0.000124607196759 0.000124607196759 0.000124607196759 0.000124607196759 0.000124607196759 0.000124607196759 0.000124607196759 0.000124607196759
0.00010225808232 0.00010225808232 0.883198655541 0.114516979249 0.00010225808232 0.00010225808232 0.0015685586335 0.00010225808232 0.00010225808232 0.00010225808232
0.542390034499 0.395135728115 0.000125488436461 0.000125488436461 0.000125488436461 0.000125488436461 0.000125488436461 0.000125488436461 0.0615958183305 0.000125488436461
0.266628486644 0.125585995665 0.000124358448836 0.000124358448836 0.000124358448836 0.000124358448836 0.000124358448836 0.000124358448836 0.60691500855 0.000124358448836
0.000118320700615 0.000118320700615 0.000118320700615 0.000118320700615 0.000118320700615 0.000118320700615 0.000118320700615 0.000118320700615 0.998935113694 0.000118320700615
0.000102274590841 0.000102274590841 0.747053785089 0.243679615861 0.000102274590841 0.000102274590841 0.00855067691393 0.000102274590841 0.000102274590841 0.000102274590841
0.000101098779672 0.000101098779672 0.33169816077 0.000101098779672 0.000101098779672 0.000101098779672 0.667493048992 0.000101098779672 0.000101098779672 0.000101098779672
0.598241112079 0.000125930772982 0.000125930772982 0.000125930772982 0.000125930772982 0.000125930772982 0.000125930772982 0.000125930772982 0.400751441737 0.000125930772982
0.000117822471715 0.000117822471715 0.000117822471715 0.000117822471715 0.000117822471715 0.000117822471715 0.000117822471715 0.000117822471715 0.998939597755 0.000117822471715
0.000101538044029 0.000101538044029 0.76927608084 0.000101538044029 0.000101538044029 0.000101538044029 0.229911614808 0.000101538044029 0.000101538044029 0.000101538044029
0.000118666220018 0.99893200402 0.000118666220018 0.000118666220018 0.000118666220018 0.000118666220018 0.000118666220018 0.000118666220018 0.000118666220018 0.000118666220018
0.811235062479 0.0365510941743 0.00012466099238 0.00012466099238 0.00012466099238 0.00012466099238 0.00012466099238 0.00012466099238 0.1513412164 0.00012466099238
0.000101041737722 0.000101041737722 0.000101041737722 0.000101041737722 0.000101041737722 0.999090624361 0.000101041737722 0.000101041737722 0.000101041737722 0.000101041737722
0.727285403223 0.27171426202 0.000125041844595 0.000125041844595 0.000125041844595 0.000125041844595 0.000125041844595 0.000125041844595 0.000125041844595 0.000125041844595
0.892149792203 0.00369869705999 0.000125026782329 0.000125026782329 0.000125026782329 0.000125026782329 0.000125026782329 0.000125026782329 0.103276323261 0.000125026782329
0.000102547951561 0.000102547951561 0.000102547951561 0.000102547951561 0.999077068436 0.000102547951561 0.000102547951561 0.000102547951561 0.000102547951561 0.000102547951561
0.55968647342 0.00639313671332 0.000125046502697 0.000125046502697 0.000125046502697 0.000125046502697 0.000125046502697 0.000125046502697 0.433045064348 0.000125046502697
0.000123962239567 0.000123962239567 0.000123962239567 0.000123962239567 0.000123962239567 0.000123962239567 0.000123962239567 0.000123962239567 0.998884339844 0.000123962239567
0.954369308278 0.000125338054018 0.000125338054018 0.000125338054018 0.000125338054018 0.000125338054018 0.000125338054018 0.000125338054018 0.0446279872902 0.000125338054018
0.234834158506 0.000123583734549 0.000123583734549 0.000123583734549 0.000123583734549 0.000123583734549 0.000123583734549 0.000123583734549 0.764177171618 0.000123583734549
0.000125311733986 0.835961042179 0.000125311733986 0.000125311733986 0.000125311733986 0.000125311733986 0.000125311733986 0.000125311733986 0.163036463949 0.000125311733986
0.000100988928597 0.000100988928597 0.000100988928597 0.000100988928597 0.000100988928597 0.999091099643 0.000100988928597 0.000100988928597 0.000100988928597 0.000100988928597
0.00010105899065 0.00010105899065 0.00010105899065 0.00010105899065 0.00010105899065 0.999090469084 0.00010105899065 0.00010105899065 0.00010105899065 0.00010105899065
0.129372694543 0.869633104659 0.00012427509976 0.00012427509976 0.00012427509976 0.00012427509976 0.00012427509976 0.00012427509976 0.00012427509976 0.00012427509976
0.000118135032321 0.000118135032321 0.000118135032321 0.000118135032321 0.000118135032321 0.000118135032321 0.000118135032321 0.000118135032321 0.998936784709 0.000118135032321
0.000101224370091 0.000101224370091 0.000101224370091 0.999088980669 0.000101224370091 0.000101224370091 0.000101224370091 0.000101224370091 0.000101224370091 0.000101224370091
0.000100995677739 0.000100995677739 0.000100995677739 0.000100995677739 0.000100995677739 0.9990910389 0.000100995677739 0.000100995677739 0.000100995677739 0.000100995677739
0.998873554795 0.000125160578361 0.000125160578361 0.000125160578361 0.000125160578361 0.000125160578361 0.000125160578361 0.000125160578361 0.000125160578361 0.000125160578361
0.000102883884468 0.000102883884468 0.000102883884468 0.000102883884468 0.998919266824 0.00025766210044 0.000102883884468 0.000102883884468 0.000102883884468 0.000102883884468
0.000118188972103 0.000118188972103 0.000118188972103 0.000118188972103 0.000118188972103 0.000118188972103 0.000118188972103 0.000118188972103 0.998936299251 0.000118188972103
0.000111964219799 0.998992322022 0.000111964219799 0.000111964219799 0.000111964219799 0.000111964219799 0.000111964219799 0.000111964219799 0.000111964219799 0.000111964219799
0.904157016585 0.000124310291773 0.000124310291773 0.000124310291773 0.000124310291773 0.000124310291773 0.000124310291773 0.000124310291773 0.0948485010808 0.000124310291773
0.000120141868348 0.601583767712 0.000120141868348 0.000120141868348 0.00249087636434 0.000120141868348 0.000120141868348 0.000120141868348 0.395084362845 0.000120141868348
0.565768547959 0.411459895103 0.000126870293783 0.000126870293783 0.000126870293783 0.000126870293783 0.000126870293783 0.000126870293783 0.0218834648822 0.000126870293783
0.000101517205599 0.000101517205599 0.000101517205599 0.000101517205599 0.000101517205599 0.000101517205599 0.000101517205599 0.000101517205599 0.000101517205599 0.99908634515
0.0321546849925 0.966846397901 0.000124864638351 0.000124864638351 0.000124864638351 0.000124864638351 0.000124864638351 0.000124864638351 0.000124864638351 0.000124864638351
0.516002543379 0.0774412126027 0.000127075527067 0.000127075527067 0.000127075527067 0.000127075527067 0.000127075527067 0.000127075527067 0.405666715329 0.000127075527067
0.818652311908 0.000123680893194 0.000123680893194 0.000123680893194 0.000123680893194 0.000123680893194 0.000123680893194 0.000123680893194 0.180358240946 0.000123680893194
0.609614082767 0.000124840568516 0.000124840568516 0.000124840568516 0.000124840568516 0.000124840568516 0.000124840568516 0.000124840568516 0.389387192685 0.000124840568516
0.000100842684573 0.000100842684573 0.000100842684573 0.999092415839 0.000100842684573 0.000100842684573 0.000100842684573 0.000100842684573 0.000100842684573 0.000100842684573
0.496962655871 0.00070571656861 0.000126962247418 0.000126962247418 0.000126962247418 0.000126962247418 0.000126962247418 0.000126962247418 0.501442891829 0.000126962247418
0.522214351462 0.438001184752 0.000126744371131 0.000126744371131 0.000126744371131 0.000126744371131 0.000126744371131 0.000126744371131 0.0388972531882 0.000126744371131
0.554429214966 0.000124110943273 0.000124110943273 0.000124110943273 0.000124110943273 0.000124110943273 0.000124110943273 0.000124110943273 0.444577897488 0.000124110943273
0.000102260031642 0.000102260031642 0.000102260031642 0.000102260031642 0.000102260031642 0.000102260031642 0.000102260031642 0.999079659715 0.000102260031642 0.000102260031642
0.000119092779948 0.000119092779948 0.000119092779948 0.000119092779948 0.000119092779948 0.000119092779948 0.000119092779948 0.000119092779948 0.99892816498 0.000119092779948
0.000118494703597 0.000118494703597 0.000118494703597 0.000118494703597 0.000118494703597 0.000118494703597 0.000118494703597 0.000118494703597 0.998933547668 0.000118494703597
0.493565399576 0.000124458010618 0.000124458010618 0.000124458010618 0.000124458010618 0.000124458010618 0.000124458010618 0.000124458010618 0.505438936339 0.000124458010618
0.114448433961 0.606710473755 0.000124541279677 0.000124541279677 0.000124541279677 0.000124541279677 0.000124541279677 0.000124541279677 0.277969303327 0.000124541279677
0.000123335611366 0.869830839506 0.000123335611366 0.000123335611366 0.000123335611366 0.000123335611366 0.000123335611366 0.000123335611366 0.129182475603 0.000123335611366
0.00011013288953 0.994953086534 0.00011013288953 0.00344991986869 0.000826063370364 0.00011013288953 0.00011013288953 0.00011013288953 0.00011013288953 0.00011013288953
0.578242016875 0.000123627201856 0.000123627201856 0.000123627201856 0.000123627201856 0.000123627201856 0.000123627201856 0.000123627201856 0.420768965511 0.000123627201856
0.608687367706 0.253115446891 0.000125070021746 0.000125070021746 0.000125070021746 0.000125070021746 0.000125070021746 0.000125070021746 0.137321695251 0.000125070021746
0.000121507371045 0.978109437731 0.000121507371045 0.000121507371045 0.000121507371045 0.000121507371045 0.000121507371045 0.000121507371045 0.0209185033002 0.000121507371045
0.99886650886 0.000125943459961 0.000125943459961 0.000125943459961 0.000125943459961 0.000125943459961 0.000125943459961 0.000125943459961 0.000125943459961 0.000125943459961
0.842660437315 0.000125618929096 0.000125618929096 0.000125618929096 0.000125618929096 0.000125618929096 0.000125618929096 0.000125618929096 0.156334611253 0.000125618929096
0.000122427167856 0.998898155489 0.000122427167856 0.000122427167856 0.000122427167856 0.000122427167856 0.000122427167856 0.000122427167856 0.000122427167856 0.000122427167856
0.000123767669076 0.228021556076 0.000123767669076 0.000123767669076 0.000123767669076 0.000123767669076 0.000123767669076 0.000123767669076 0.770988302571 0.000123767669076
0.000102510898232 0.000102510898232 0.000102510898232 0.000102510898232 0.999077401916 0.000102510898232 0.000102510898232 0.000102510898232 0.000102510898232 0.000102510898232
0.000101174203274 0.000101174203274 0.000101174203274 0.000101174203274 0.000101174203274 0.999089432171 0.000101174203274 0.000101174203274 0.000101174203274 0.000101174203274
0.000112943177149 0.998983511406 0.000112943177149 0.000112943177149 0.000112943177149 0.000112943177149 0.000112943177149 0.000112943177149 0.000112943177149 0.000112943177149
0.552447681564 0.000123829959065 0.000123829959065 0.000123829959065 0.000123829959065 0.000123829959065 0.000123829959065 0.000123829959065 0.446561678763 0.000123829959065
0.196171220158 0.123549691291 0.00012597795522 0.00012597795522 0.00012597795522 0.00012597795522 0.00012597795522 0.00012597795522 0.679397242865 0.00012597795522
0.572044862389 0.000124311502931 0.000124311502931 0.000124311502931 0.000124311502931 0.000124311502931 0.000124311502931 0.000124311502931 0.426960645587 0.000124311502931
0.000123671482346 0.000123671482346 0.000123671482346 0.000123671482346 0.000123671482346 0.000123671482346 0.000123671482346 0.000123671482346 0.998886956659 0.000123671482346
0.646107312531 0.225932274419 0.000127838501545 0.000127838501545 0.000127838501545 0.000127838501545 0.000127838501545 0.000127838501545 0.127065543539 0.000127838501545
0.118560747838 0.880446734843 0.000124064664896 0.000124064664896 0.000124064664896 0.000124064664896 0.000124064664896 0.000124064664896 0.000124064664896 0.000124064664896
0.480442334273 0.0695255488943 0.000125630025245 0.000125630025245 0.000125630025245 0.000125630025245 0.000125630025245 0.000125630025245 0.449152706656 0.000125630025245
0.000102801633874 0.000102801633874 0.000102801633874 0.999074785295 0.000102801633874 0.000102801633874 0.000102801633874 0.000102801633874 0.000102801633874 0.000102801633874
0.000112967708849 0.99898329062 0.000112967708849 0.000112967708849 0.000112967708849 0.000112967708849 0.000112967708849 0.000112967708849 0.000112967708849 0.000112967708849
0.000101384989495 0.000101384989495 0.000101384989495 0.000101384989495 0.000101384989495 0.999087535095 0.000101384989495 0.000101384989495 0.000101384989495 0.000101384989495
0.00971999246822 0.989291518598 0.000123561116777 0.000123561116777 0.000123561116777 0.000123561116777 0.000123561116777 0.000123561116777 0.000123561116777 0.000123561116777
0.470942785558 0.475869415452 0.000125291769972 0.000125291769972 0.000125291769972 0.000125291769972 0.000125291769972 0.000125291769972 0.0523107566001 0.000125291769972
0.000101348263756 0.000101348263756 0.000101348263756 0.000101348263756 0.000101348263756 0.999087865626 0.000101348263756 0.000101348263756 0.000101348263756 0.000101348263756
0.860617783522 0.000125505356678 0.000125505356678 0.000125505356678 0.000125505356678 0.000125505356678 0.000125505356678 0.000125505356678 0.138378173625 0.000125505356678
0.000123811330232 0.000123811330232 0.000123811330232 0.000123811330232 0.000123811330232 0.000123811330232 0.000123811330232 0.000123811330232 0.998885698028 0.000123811330232
0.000101311618625 0.000101311618625 0.138549172714 0.860640334337 0.000101311618625 0.000101311618625 0.000101311618625 0.000101311618625 0.000101311618625 0.000101311618625
0.000102263644469 0.000102263644469 0.000102263644469 0.000102263644469 0.000102263644469 0.000102263644469 0.000102263644469 0.9990796272 0.000102263644469 0.000102263644469
0.432864329617 0.108013137448 0.000126315698514 0.000126315698514 0.000126315698514 0.000126315698514 0.000126315698514 0.000126315698514 0.458238323045 0.000126315698514
0.000120892364354 0.998911968721 0.000120892364354 0.000120892364354 0.000120892364354 0.000120892364354 0.000120892364354 0.000120892364354 0.000120892364354 0.000120892364354
0.000101276698784 0.000101276698784 0.131040059035 0.868149727375 0.000101276698784 0.000101276698784 0.000101276698784 0.000101276698784 0.000101276698784 0.000101276698784
0.786812225307 0.00140536311478 0.000127698153043 0.000127698153043 0.000127698153043 0.000127698153043 0.000127698153043 0.000127698153043 0.210888524507 0.000127698153043
0.926442375654 0.000125524550944 0.000125524550944 0.000125524550944 0.000125524550944 0.000125524550944 0.000125524550944 0.000125524550944 0.0725534279381 0.000125524550944
0.000123241666469 0.012444084319 0.000123241666469 0.000123241666469 0.000123241666469 0.000123241666469 0.000123241666469 0.000123241666469 0.986569982349 0.000123241666469
0.793721583754 0.000124796606277 0.000124796606277 0.000124796606277 0.000124796606277 0.000124796606277 0.000124796606277 0.000124796606277 0.205280043396 0.000124796606277
0.509799861586 0.434121585087 0.000125364046269 0.000125364046269 0.000125364046269 0.000125364046269 0.000125364046269 0.000125364046269 0.055201005003 0.000125364046269
0.0747719585311 0.762249759886 0.000123801196286 0.000123801196286 0.000123801196286 0.000123801196286 0.000123801196286 0.000123801196286 0.162111673209 0.000123801196286
0.000118452929648 0.000118452929648 0.000118452929648 0.000118452929648 0.000118452929648 0.000118452929648 0.000118452929648 0.000118452929648 0.998933923633 0.000118452929648
0.00010183955942 0.00010183955942 0.00010183955942 0.00010183955942 0.00010183955942 0.00010183955942 0.999083443965 0.00010183955942 0.00010183955942 0.00010183955942
0.000101237256661 0.000101237256661 0.000101237256661 0.000101237256661 0.000101237256661 0.99908886469 0.000101237256661 0.000101237256661 0.000101237256661 0.000101237256661
0.000118470565178 0.000118470565178 0.000118470565178 0.000118470565178 0.000118470565178 0.000118470565178 0.000118470565178 0.000118470565178 0.998933764913 0.000118470565178
0.808397755994 0.000123821887642 0.000123821887642 0.000123821887642 0.000123821887642 0.000123821887642 0.000123821887642 0.000123821887642 0.190611668904 0.000123821887642
0.549107921531 0.370858064268 0.000124346364576 0.000124346364576 0.000124346364576 0.000124346364576 0.000124346364576 0.000124346364576 0.0791635896488 0.000124346364576
0.000102522374212 0.000102522374212 0.105874120402 0.00855541183562 0.000102522374212 0.000102522374212 0.877147346375 0.000102522374212 0.000102522374212 0.00780798714177
0.863257238654 0.000123750699223 0.000123750699223 0.000123750699223 0.000123750699223 0.000123750699223 0.000123750699223 0.000123750699223 0.135752755753 0.000123750699223
0.135277898852 0.000126132252361 0.000126132252361 0.000126132252361 0.000126132252361 0.000126132252361 0.000126132252361 0.000126132252361 0.863713043129 0.000126132252361
0.000118179499053 0.000118179499053 0.000118179499053 0.000118179499053 0.000118179499053 0.000118179499053 0.000118179499053 0.000118179499053 0.998936384509 0.000118179499053
0.000100930342119 0.000100930342119 0.000100930342119 0.000100930342119 0.000100930342119 0.999091626921 0.000100930342119 0.000100930342119 0.000100930342119 0.000100930342119
0.000102133736586 0.000102133736586 0.134132856012 0.734477097565 0.000102133736586 0.000102133736586 0.130675110266 0.000102133736586 0.000102133736586 0.000102133736586
0.000121675135598 0.708927025253 0.000121675135598 0.000121675135598 0.000121675135598 0.000121675135598 0.000121675135598 0.000121675135598 0.290099573663 0.000121675135598
0.00011963964254 0.00011963964254 0.00011963964254 0.00011963964254 0.00011963964254 0.00011963964254 0.00011963964254 0.00011963964254 0.998923243217 0.00011963964254
0.780141303339 0.0563182244295 0.000125504055604 0.000125504055604 0.000125504055604 0.000125504055604 0.000125504055604 0.000125504055604 0.162661943842 0.000125504055604
0.00010097899128 0.00010097899128 0.00010097899128 0.00010097899128 0.00010097899128 0.999091189078 0.00010097899128 0.00010097899128 0.00010097899128 0.00010097899128
0.988410286815 0.0105744685987 0.000126905573305 0.000126905573305 0.000126905573305 0.000126905573305 0.000126905573305 0.000126905573305 0.000126905573305 0.000126905573305
0.416988745632 0.0302568058254 0.00012904618882 0.00012904618882 0.00012904618882 0.00012904618882 0.00012904618882 0.00012904618882 0.551851125221 0.00012904618882
0.160181217595 0.00054045777836 0.000129557936653 0.000129557936653 0.000129557936653 0.000129557936653 0.000129557936653 0.000129557936653 0.83837141907 0.000129557936653
0.000101665517663 0.000101665517663 0.426481032534 0.572705643325 0.000101665517663 0.000101665517663 0.000101665517663 0.000101665517663 0.000101665517663 0.000101665517663
0.176428592177 0.822556031975 0.000126921980977 0.000126921980977 0.000126921980977 0.000126921980977 0.000126921980977 0.000126921980977 0.000126921980977 0.000126921980977
0.608991140825 0.000124822447898 0.000124822447898 0.000124822447898 0.000124822447898 0.000124822447898 0.000124822447898 0.000124822447898 0.390010279592 0.000124822447898
0.137792630227 0.861204636125 0.000125341706054 0.000125341706054 0.000125341706054 0.000125341706054 0.000125341706054 0.000125341706054 0.000125341706054 0.000125341706054
0.523888458143 0.450905707567 0.000125520436777 0.000125520436777 0.000125520436777 0.000125520436777 0.000125520436777 0.000125520436777 0.0243271912331 0.000125520436777
0.874800660091 0.000124699776449 0.000124699776449 0.000124699776449 0.000124699776449 0.000124699776449 0.000124699776449 0.000124699776449 0.124201741698 0.000124699776449
0.000101133105152 0.000101133105152 0.103548741961 0.237671901207 0.000101133105152 0.000101133105152 0.658071425097 0.000101133105152 0.000101133105152 0.000101133105152
0.000101165853395 0.000101165853395 0.343099595426 0.604128751681 0.000101165853395 0.000101165853395 0.0520634919202 0.000101165853395 0.000101165853395 0.000101165853395
0.000103988836219 0.000103988836219 0.000103988836219 0.000103988836219 0.000103988836219 0.000103988836219 0.000103988836219 0.999064100474 0.000103988836219 0.000103988836219
0.000101002897281 0.000101002897281 0.000101002897281 0.000101002897281 0.000101002897281 0.999090973924 0.000101002897281 0.000101002897281 0.000101002897281 0.000101002897281
0.868686991876 0.000124668833298 0.000124668833298 0.000124668833298 0.000124668833298 0.000124668833298 0.000124668833298 0.000124668833298 0.130315657458 0.000124668833298
0.172215599812 0.000125144635283 0.000125144635283 0.000125144635283 0.000125144635283 0.000125144635283 0.000125144635283 0.000125144635283 0.826783243106 0.000125144635283
0.000112281674716 0.992301963969 0.000112281674716 0.00261629497079 0.00429576933734 0.000112281674716 0.000112281674716 0.000112281674716 0.000112281674716 0.000112281674716
0.00012262374878 0.302815831507 0.00012262374878 0.00012262374878 0.00012262374878 0.00012262374878 0.00012262374878 0.00012262374878 0.696203178503 0.00012262374878
0.000100942809216 0.000100942809216 0.000100942809216 0.999091514717 0.000100942809216 0.000100942809216 0.000100942809216 0.000100942809216 0.000100942809216 0.000100942809216
0.914162568515 0.000124012000603 0.000124012000603 0.000124012000603 0.000124012000603 0.000124012000603 0.000124012000603 0.000124012000603 0.0848453354803 0.000124012000603
0.134912596606 0.63104104065 0.000129678759813 0.000129678759813 0.000129678759813 0.000129678759813 0.000129678759813 0.000129678759813 0.233138611425 0.000129678759813
0.775841114387 0.0761330209456 0.000126120861961 0.000126120861961 0.000126120861961 0.000126120861961 0.000126120861961 0.000126120861961 0.147143018634 0.000126120861961
0.000101161492246 0.000101161492246 0.000101161492246 0.99908954657 0.000101161492246 0.000101161492246 0.000101161492246 0.000101161492246 0.000101161492246 0.000101161492246
0.939383414292 0.035965663915 0.000125641834187 0.000125641834187 0.000125641834187 0.000125641834187 0.000125641834187 0.000125641834187 0.023771428954 0.000125641834187
0.534099069102 0.132376982216 0.000126478433308 0.000126478433308 0.000126478433308 0.000126478433308 0.000126478433308 0.000126478433308 0.332638599648 0.000126478433308
0.00010123600091 0.00010123600091 0.574980249363 0.00010123600091 0.00010123600091 0.00010123600091 0.42420986263 0.00010123600091 0.00010123600091 0.00010123600091
0.000102942509868 0.000102942509868 0.000102942509868 0.000102942509868 0.999073517411 0.000102942509868 0.000102942509868 0.000102942509868 0.000102942509868 0.000102942509868
0.00010120929101 0.00010120929101 0.00010120929101 0.00010120929101 0.00010120929101 0.999089116381 0.00010120929101 0.00010120929101 0.00010120929101 0.00010120929101
0.000123092357431 0.998892168783 0.000123092357431 0.000123092357431 0.000123092357431 0.000123092357431 0.000123092357431 0.000123092357431 0.000123092357431 0.000123092357431
0.998862038802 0.000126440133112 0.000126440133112 0.000126440133112 0.000126440133112 0.000126440133112 0.000126440133112 0.000126440133112 0.000126440133112 0.000126440133112
0.00010142797314 0.00010142797314 0.669705564201 0.00010142797314 0.00010142797314 0.00010142797314 0.329483012014 0.00010142797314 0.00010142797314 0.00010142797314
0.000101323597352 0.000101323597352 0.701951729983 0.297237681238 0.000101323597352 0.000101323597352 0.000101323597352 0.000101323597352 0.000101323597352 0.000101323597352
0.000101644231289 0.000101644231289 0.000101644231289 0.000101644231289 0.000101644231289 0.000101644231289 0.00414980971183 0.000101644231289 0.000101644231289 0.995037036438
0.000118145436649 0.000118145436649 0.000118145436649 0.000118145436649 0.000118145436649 0.000118145436649 0.000118145436649 0.000118145436649 0.99893669107 0.000118145436649
0.134832398628 0.000125716050715 0.000125716050715 0.000125716050715 0.000125716050715 0.000125716050715 0.000125716050715 0.000125716050715 0.864161872966 0.000125716050715
0.163342351639 0.835637322362 0.000127540749964 0.000127540749964 0.000127540749964 0.000127540749964 0.000127540749964 0.000127540749964 0.000127540749964 0.000127540749964
0.877383457987 0.0018744712344 0.000124797497436 0.000124797497436 0.000124797497436 0.000124797497436 0.000124797497436 0.000124797497436 0.119868488296 0.000124797497436
0.000118059727685 0.000118059727685 0.000118059727685 0.000118059727685 0.000118059727685 0.000118059727685 0.000118059727685 0.000118059727685 0.998937462451 0.000118059727685
0.000124971746886 0.998875254278 0.000124971746886 0.000124971746886 0.000124971746886 0.000124971746886 0.000124971746886 0.000124971746886 0.000124971746886 0.000124971746886
0.000121232952759 0.297866602859 0.000121232952759 0.000121232952759 0.000121232952759 0.000121232952759 0.000121232952759 0.000121232952759 0.701163533519 0.000121232952759
0.000123099891116 0.99889210098 0.000123099891116 0.000123099891116 0.000123099891116 0.000123099891116 0.000123099891116 0.000123099891116 0.000123099891116 0.000123099891116
0.551109941991 0.000123055033068 0.000123055033068 0.000123055033068 0.000123055033068 0.000123055033068 0.000123055033068 0.000123055033068 0.447905617744 0.000123055033068
0.000125080585079 0.986119288786 0.000125080585079 0.000125080585079 0.000125080585079 0.000125080585079 0.000125080585079 0.000125080585079 0.0128800665335 0.000125080585079
0.000123136838365 0.000123136838365 0.000123136838365 0.000123136838365 0.000123136838365 0.000123136838365 0.000123136838365 0.000123136838365 0.998891768455 0.000123136838365
0.00988101348823 0.207129051863 0.000124745185857 0.000124745185857 0.000124745185857 0.000124745185857 0.000124745185857 0.000124745185857 0.782116718348 0.000124745185857
0.418024309661 0.000124686320228 0.000124686320228 0.000124686320228 0.000124686320228 0.000124686320228 0.000124686320228 0.000124686320228 0.580978199777 0.000124686320228
0.000120100786382 0.000120100786382 0.000120100786382 0.000120100786382 0.000120100786382 0.000120100786382 0.000120100786382 0.000120100786382 0.998919092923 0.000120100786382
0.434514337448 0.437810037174 0.000124745068216 0.000124745068216 0.000124745068216 0.000124745068216 0.000124745068216 0.000124745068216 0.1268024099 0.000124745068216
0.000118517696542 0.000118517696542 0.000118517696542 0.000118517696542 0.000118517696542 0.000118517696542 0.000118517696542 0.000118517696542 0.998933340731 0.000118517696542
0.867151786152 0.0760537886176 0.000124554779932 0.000124554779932 0.000124554779932 0.000124554779932 0.000124554779932 0.000124554779932 0.0559225417714 0.000124554779932
0.000119548235668 0.000119548235668 0.000119548235668 0.000119548235668 0.000119548235668 0.000119548235668 0.000119548235668 0.000119548235668 0.998924065879 0.000119548235668
0.000101357060811 0.000101357060811 0.70845942898 0.290729714533 0.000101357060811 0.000101357060811 0.000101357060811 0.000101357060811 0.000101357060811 0.000101357060811
0.0892399163082 0.363084769724 0.000125442421354 0.000125442421354 0.000125442421354 0.000125442421354 0.000125442421354 0.000125442421354 0.546797217019 0.000125442421354
0.000113147075686 0.998981676319 0.000113147075686 0.000113147075686 0.000113147075686 0.000113147075686 0.000113147075686 0.000113147075686 0.000113147075686 0.000113147075686
0.998869343031 0.000125628552162 0.000125628552162 0.000125628552162 0.000125628552162 0.000125628552162 0.000125628552162 0.000125628552162 0.000125628552162 0.000125628552162
0.000128087611579 0.459917398955 0.0010686326387 0.000128087611579 0.000128087611579 0.000128087611579 0.000128087611579 0.000128087611579 0.538117355125 0.000128087611579
0.00011980845186 0.998921723933 0.00011980845186 0.00011980845186 0.00011980845186 0.00011980845186 0.00011980845186 0.00011980845186 0.00011980845186 0.00011980845186
0.000119023293278 0.71568834626 0.000119023293278 0.00796619057918 0.0106541580001 0.000119023293278 0.00178155854319 0.000119023293278 0.25032481839 0.0131088350542
0.377895247494 0.621102853208 0.000125237412201 0.000125237412201 0.000125237412201 0.000125237412201 0.000125237412201 0.000125237412201 0.000125237412201 0.000125237412201
0.000100963995112 0.000100963995112 0.0187163628604 0.980475925179 0.000100963995112 0.000100963995112 0.000100963995112 0.000100963995112 0.000100963995112 0.000100963995112
0.000101214850693 0.000101214850693 0.000101214850693 0.000101214850693 0.000101214850693 0.999089066344 0.000101214850693 0.000101214850693 0.000101214850693 0.000101214850693
0.56441310849 0.0807321322378 0.000126937434797 0.000126937434797 0.000126937434797 0.000126937434797 0.000126937434797 0.000126937434797 0.353966197228 0.000126937434797
0.998872947656 0.000125228038277 0.000125228038277 0.000125228038277 0.000125228038277 0.000125228038277 0.000125228038277 0.000125228038277 0.000125228038277 0.000125228038277
0.000103335583714 0.000103335583714 0.000103335583714 0.000103335583714 0.000103335583714 0.999069979747 0.000103335583714 0.000103335583714 0.000103335583714 0.000103335583714
0.269991782315 0.728984429455 0.000127973528655 0.000127973528655 0.000127973528655 0.000127973528655 0.000127973528655 0.000127973528655 0.000127973528655 0.000127973528655
0.000102500432694 0.000102500432694 0.000102500432694 0.00702328503394 0.000102500432694 0.000102500432694 0.000102500432694 0.000102500432694 0.000102500432694 0.992156711505
0.000100987534206 0.000100987534206 0.000100987534206 0.000100987534206 0.000100987534206 0.999091112192 0.000100987534206 0.000100987534206 0.000100987534206 0.000100987534206
0.441466942651 0.13744426129 0.000126827365169 0.000126827365169 0.000126827365169 0.000126827365169 0.000126827365169 0.000126827365169 0.420201004503 0.000126827365169
0.000102405436901 0.000102405436901 0.000102405436901 0.000102405436901 0.000102405436901 0.999078351068 0.000102405436901 0.000102405436901 0.000102405436901 0.000102405436901
0.000100914067627 0.000100914067627 0.000100914067627 0.86554683319 0.000100914067627 0.000100914067627 0.133645854269 0.000100914067627 0.000100914067627 0.000100914067627
0.567243278751 0.346052546526 0.000125525645216 0.000125525645216 0.000125525645216 0.000125525645216 0.000125525645216 0.000125525645216 0.0858254952062 0.000125525645216
0.000102124829943 0.000102124829943 0.000102124829943 0.000102124829943 0.000102124829943 0.000102124829943 0.999080876531 0.000102124829943 0.000102124829943 0.000102124829943
0.000118775811326 0.000118775811326 0.000118775811326 0.000118775811326 0.000118775811326 0.000118775811326 0.000118775811326 0.000118775811326 0.998931017698 0.000118775811326
0.541157143923 0.000125757801077 0.000125757801077 0.000125757801077 0.000125757801077 0.000125757801077 0.000125757801077 0.000125757801077 0.457836793668 0.000125757801077
0.000102248501785 0.000102248501785 0.000102248501785 0.000102248501785 0.000102248501785 0.000102248501785 0.000102248501785 0.999079763484 0.000102248501785 0.000102248501785
0.998879401381 0.00012451095764 0.00012451095764 0.00012451095764 0.00012451095764 0.00012451095764 0.00012451095764 0.00012451095764 0.00012451095764 0.00012451095764
0.880610939579 0.0001261126439 0.0001261126439 0.0001261126439 0.0001261126439 0.0001261126439 0.0001261126439 0.0001261126439 0.11838015927 0.0001261126439
0.000101077595542 0.000101077595542 0.453518121829 0.545673257407 0.000101077595542 0.000101077595542 0.000101077595542 0.000101077595542 0.000101077595542 0.000101077595542
