0.000101087517036 0.000101087517036 0.000101087517036 0.000101087517036 0.000101087517036 0.999494562415
0.000146731193383 0.000146731193383 0.00929540510937 0.00177903805425 0.987709892987 0.000922201462429
0.876431376961 0.000101296523376 0.000101296523376 0.123163436946 0.000101296523376 0.000101296523376
0.000146790409883 0.000146790409883 0.0256055181329 0.0169067926795 0.957047317958 0.000146790409883
0.999493261415 0.00010134771702 0.00010134771702 0.00010134771702 0.00010134771702 0.00010134771702
0.000146687550755 0.00982141079255 0.000146687550755 0.000146687550755 0.988291312268 0.00144721428764
0.000146552237772 0.0113436837986 0.000146552237772 0.000146552237772 0.98807010725 0.000146552237772
0.000146493800063 0.00629249745842 0.000146493800063 0.000146493800063 0.993046343534 0.000221677607396
0.000101104395051 0.000101104395051 0.000101104395051 0.000101104395051 0.000101104395051 0.999494478025
0.00014655248863 0.00014655248863 0.00519901905461 0.00014655248863 0.993908370938 0.000452952541664
0.000146659727244 0.0167092818128 0.000146659727244 0.000146659727244 0.982704079278 0.000146659727244
0.999494170752 0.0001011658496 0.0001011658496 0.0001011658496 0.0001011658496 0.0001011658496
0.000102150623774 0.000102150623774 0.999489246881 0.000102150623774 0.000102150623774 0.000102150623774
0.000146683486065 0.000146683486065 0.0109274970647 0.000146683486065 0.987633825142 0.000998627334899
0.000146516505765 0.00795058582427 0.000146516505765 0.000146516505765 0.991450013383 0.000159851275516
0.828276967038 0.00010031806309 0.00010031806309 0.133147963702 0.00010031806309 0.0382741150708
0.000146816709055 0.000146816709055 0.0340069166961 0.0277678171662 0.937784816011 0.000146816709055
0.000146752042288 0.000146752042288 0.0136204473119 0.00712852557728 0.978810770984 0.000146752042288
0.967123280403 0.00010212151265 0.00010212151265 0.0324682335461 0.00010212151265 0.00010212151265
0.000146731637943 0.0125924923696 0.000146731637943 0.000146731637943 0.986820581079 0.000146731637943
0.999489656509 0.000102068698254 0.000102068698254 0.000102068698254 0.000102068698254 0.000102068698254
0.000110698345687 0.000110698345687 0.000110698345687 0.999446508272 0.000110698345687 0.000110698345687
0.000146745531906 0.000146745531906 0.0233511008276 0.0115246447427 0.964684017834 0.000146745531906
0.00014670866705 0.00014670866705 0.0206670267835 0.00524600583463 0.973646841381 0.00014670866705
0.000101071910764 0.000101071910764 0.000101071910764 0.000101071910764 0.000101071910764 0.999494640446
0.999481736063 0.000103652787398 0.000103652787398 0.000103652787398 0.000103652787398 0.000103652787398
0.000146631400607 0.00926915563834 0.000146631400607 0.000146631400607 0.988809625523 0.00148132463672
0.000146611094199 0.000146611094199 0.00642521955072 0.000146611094199 0.991663454406 0.00147149276034
0.000102097793828 0.000102097793828 0.999489511031 0.000102097793828 0.000102097793828 0.000102097793828
0.000146875482316 0.000146875482316 0.035847074396 0.0419427635993 0.921769535558 0.000146875482316
0.00014659700152 0.00014659700152 0.0102541619654 0.00014659700152 0.989159450029 0.00014659700152
0.000146434639873 0.000146434639873 0.000146434639873 0.000146434639873 0.997730943967 0.0016833174734
0.000146749820595 0.000146749820595 0.0116679659621 0.0049379863609 0.982919323237 0.000181224798363
0.000146476895674 0.003675044479 0.000146476895674 0.000146476895674 0.994942751357 0.000942773476524
0.000146940915066 0.000146940915066 0.0303186592152 0.0490869212972 0.920153596742 0.000146940915066
0.000146751022058 0.000146751022058 0.0210330171422 0.0148622772462 0.963664452545 0.000146751022058
0.999491106259 0.000101778748155 0.000101778748155 0.000101778748155 0.000101778748155 0.000101778748155
0.000146579060696 0.00455582785074 0.000146579060696 0.000146579060696 0.993039305486 0.00196512948145
0.000102125885264 0.000102125885264 0.999489370574 0.000102125885264 0.000102125885264 0.000102125885264
0.999482096769 0.000103580646235 0.000103580646235 0.000103580646235 0.000103580646235 0.000103580646235
0.000146613625662 0.0162650272578 0.000146613625662 0.000146613625662 0.98314851824 0.000146613625662
0.000102314519974 0.000102314519974 0.9994884274 0.000102314519974 0.000102314519974 0.000102314519974
0.000146832924521 0.000146832924521 0.014650701864 0.017194962361 0.967713837001 0.000146832924521
0.982778124951 0.000102425801556 0.000102425801556 0.0168121718423 0.000102425801556 0.000102425801556
0.000146573710386 0.0159579173415 0.000146573710386 0.000146573710386 0.983455787817 0.000146573710386
0.000102783956821 0.999486080216 0.000102783956821 0.000102783956821 0.000102783956821 0.000102783956821
0.000146557188212 0.00669815496711 0.000146557188212 0.000146557188212 0.991765615016 0.00109655845179
0.0111027677453 0.0162927918803 0.000146815852305 0.000146815852305 0.966589198613 0.00572161005674
0.000146612472105 0.000146612472105 0.00607382643381 0.000146612472105 0.991630646365 0.00185568978506
0.00014651755419 0.00691790645076 0.00014651755419 0.00014651755419 0.991777195162 0.000865345724584
0.000146575006673 0.000146575006673 0.00940089887434 0.000146575006673 0.990012801099 0.000146575006673
0.000146704105682 0.000146704105682 0.0219135519205 0.00450141584077 0.973144919922 0.000146704105682
0.999487021427 0.000102595714596 0.000102595714596 0.000102595714596 0.000102595714596 0.000102595714596
0.000146651794146 0.000146651794146 0.0112702940701 0.000146651794146 0.988143098753 0.000146651794146
0.000146664548213 0.00927585343291 0.000146664548213 0.000146664548213 0.988921583468 0.00136256945463
0.000146635427261 0.018113972684 0.000146635427261 0.000146635427261 0.981299485607 0.000146635427261
0.999487256881 0.000102548623757 0.000102548623757 0.000102548623757 0.000102548623757 0.000102548623757
0.935199667126 0.000101817096821 0.000101817096821 0.0643930644871 0.000101817096821 0.000101817096821
0.000146581335 0.00722231788382 0.000146581335 0.000146581335 0.990390723245 0.00194721486604
0.000146578823926 0.0129436262325 0.000146578823926 0.000146578823926 0.986470058472 0.000146578823926
0.992914669548 0.000102690700402 0.000102690700402 0.00667456765024 0.000102690700402 0.000102690700402
0.000146821290334 0.000146821290334 0.0271745950822 0.0182796983662 0.954105242681 0.000146821290334
0.000146553466713 0.000146553466713 0.00390118061745 0.000146553466713 0.994459301268 0.00119985771443
0.000101088839395 0.000101088839395 0.000101088839395 0.000101088839395 0.000101088839395 0.999494555803
0.000146615628239 0.000146615628239 0.00995033062116 0.000146615628239 0.989463206866 0.000146615628239
0.000146557536518 0.000146557536518 0.00356886653764 0.000146557536518 0.994178459814 0.00181300103853
0.000102720993093 0.999486395035 0.000102720993093 0.000102720993093 0.000102720993093 0.000102720993093
0.000146531137146 0.00577911565512 0.000146531137146 0.000146531137146 0.992718411884 0.00106287904989
0.000146598527663 0.0126190238819 0.000146598527663 0.000146598527663 0.986794582007 0.000146598527663
0.000146575127898 0.000146575127898 0.00446441463849 0.000146575127898 0.993507791886 0.00158806809183
0.0001465292263 0.00885618548511 0.0001465292263 0.0001465292263 0.99055769761 0.0001465292263
0.000146796931744 0.000146796931744 0.0152350140474 0.0132527919682 0.970767048479 0.000451551642293
0.000100987566747 0.000100987566747 0.000100987566747 0.000100987566747 0.000100987566747 0.999495062166
0.000101049853713 0.000101049853713 0.000101049853713 0.000101049853713 0.000101049853713 0.999494750731
0.000146706315934 0.000146706315934 0.0218547820224 0.00252634429454 0.975178754735 0.000146706315934
0.000146603806906 0.0157899864384 0.000146603806906 0.000146603806906 0.983623598334 0.000146603806906
0.999495194796 0.000100961040794 0.000100961040794 0.000100961040794 0.000100961040794 0.000100961040794
0.000101072188133 0.000101072188133 0.000101072188133 0.000101072188133 0.000101072188133 0.999494639059
0.000146571844981 0.000146571844981 0.00674819366355 0.000146571844981 0.992113896009 0.00069819479219
0.000102659594897 0.999486702026 0.000102659594897 0.000102659594897 0.000102659594897 0.000102659594897
0.000146579608831 0.0154531228489 0.000146579608831 0.000146579608831 0.983960558716 0.000146579608831
0.000146766294955 0.000146766294955 0.0277998082186 0.01835058212 0.953409310777 0.000146766294955
0.00014650568689 0.00014650568689 0.00183800815737 0.00014650568689 0.995832484123 0.00188999065932
0.000146837918306 0.000146837918306 0.0144355136925 0.0184733814802 0.966650591072 0.000146837918306
0.000146644706428 0.000146644706428 0.010826738475 0.000146644706428 0.988410652232 0.000322675174191
0.000101532088635 0.000101532088635 0.000101532088635 0.999492339557 0.000101532088635 0.000101532088635
0.000146739098802 0.000146739098802 0.0209365292935 0.00979813126123 0.968825122149 0.000146739098802
0.000146620144715 0.00720522807903 0.000146620144715 0.000146620144715 0.989981429117 0.00237348236997
0.000146557971231 0.000631302950857 0.000501292621764 0.000146557971231 0.996136591768 0.0024376967172
0.000146537559171 0.00714105969518 0.000146537559171 0.000146537559171 0.991704458901 0.000714868726061
0.999496632247 0.000100673550673 0.000100673550673 0.000100673550673 0.000100673550673 0.000100673550673
0.0176419268549 0.0103442125696 0.00601500752941 0.000146838353718 0.95583565379 0.0100163609027
0.000146717370929 0.000146717370929 0.013436224367 0.00099609106941 0.985127532451 0.000146717370929
0.000146559187325 0.00634726353639 0.000146559187325 0.000146559187325 0.992374438537 0.000838620364853
0.000102120371394 0.000102120371394 0.999489398143 0.000102120371394 0.000102120371394 0.000102120371394
0.000146631233867 0.0157810587284 0.000146631233867 0.000146631233867 0.983632416336 0.000146631233867
0.000146674241307 0.0202625510328 0.000146674241307 0.000146674241307 0.979150752002 0.000146674241307
0.00014662156135 0.0109023595545 0.00014662156135 0.00014662156135 0.98746726609 0.00119050967141
0.000146724971377 0.000146724971377 0.0131273044914 0.0019861807646 0.98444633983 0.000146724971377
0.000146735789904 0.000146735789904 0.0181313291046 0.00617925432124 0.975249209204 0.000146735789904
0.000146834758767 0.000146834758767 0.0369512407225 0.0360188426197 0.926589412381 0.000146834758767
0.000146437496599 0.00537139649864 0.000146437496599 0.000146437496599 0.994042853515 0.000146437496599
0.00014666881109 0.00014666881109 0.00570461081997 0.00014666881109 0.991755281591 0.00210010115556
0.000146755206077 0.000146755206077 0.0191003983764 0.00839639440579 0.9720629416 0.000146755206077
0.000146566166423 0.000146566166423 0.00466699340926 0.000146566166423 0.993269854949 0.00162345314224
0.000146577669206 0.00341353973858 0.000666866820927 0.000146577669206 0.992955613818 0.00267082428383
0.000146776217455 0.000146776217455 0.0224235778397 0.0142348895478 0.96290120396 0.000146776217455
0.000146666983152 0.00833329390593 0.000146666983152 0.000146666983152 0.990786870317 0.00043983482799
0.000102474915305 0.999487625423 0.000102474915305 0.000102474915305 0.000102474915305 0.000102474915305
0.000101307543549 0.000101307543549 0.000101307543549 0.000101307543549 0.000101307543549 0.999493462282
0.000146759144044 0.000146759144044 0.0304819812338 0.0191011959486 0.949976545385 0.000146759144044
0.000146513584571 0.00672149770714 0.000146513584571 0.000146513584571 0.992418050395 0.000420911144579
0.0180831704289 0.0121658056762 0.00676031713023 0.00014686890649 0.954238003552 0.00860583430575
0.000146525075474 0.00649983611477 0.000146525075474 0.000146525075474 0.991904641991 0.00115594666805
0.000146601225118 0.0135868053854 0.000146601225118 0.000146601225118 0.985826789714 0.000146601225118
0.00014665092933 0.00014665092933 0.00670064469035 0.00014665092933 0.990632988498 0.00222641402412
0.000146711633994 0.000146711633994 0.0221548436263 0.00584405944305 0.971560962029 0.000146711633994
0.000146617838459 0.00732368145051 0.000146617838459 0.000146617838459 0.990558671526 0.00167779350813
0.999489323885 0.000102135222999 0.000102135222999 0.000102135222999 0.000102135222999 0.000102135222999
0.000146730548937 0.000146730548937 0.0292351229145 0.015214727735 0.955109957704 0.000146730548937
0.00010145974227 0.00010145974227 0.00010145974227 0.00010145974227 0.00010145974227 0.999492701289
0.000146747391539 0.000146747391539 0.0239391608982 0.0118691268836 0.963751470044 0.000146747391539
0.000146679378831 0.000146679378831 0.0126382266913 0.000146679378831 0.986775055793 0.000146679378831
0.000101432283793 0.000101432283793 0.000101432283793 0.000101432283793 0.000101432283793 0.999492838581
0.000146534816226 0.00240359369901 0.000329964432141 0.000146534816226 0.994500212685 0.0024731595514
0.000146625500091 0.0129796664709 0.000146625500091 0.000146625500091 0.986433831529 0.000146625500091
0.999493036422 0.000101392715667 0.000101392715667 0.000101392715667 0.000101392715667 0.000101392715667
0.000102117462371 0.000102117462371 0.999489412688 0.000102117462371 0.000102117462371 0.000102117462371
0.000146607814869 0.00867608471028 0.000146607814869 0.000146607814869 0.989480124053 0.00140396779219
0.000146810822762 0.000146810822762 0.0276420950876 0.0245992445846 0.94731822786 0.000146810822762
0.99949289356 0.000101421288024 0.000101421288024 0.000101421288024 0.000101421288024 0.000101421288024
0.00132684401426 0.00483119790901 0.000146602829252 0.000146602829252 0.991147197755 0.00240155466331
0.000146536794595 0.000146536794595 0.00284741707165 0.000146536794595 0.994806891363 0.00190608118194
0.000146603425666 0.00973293469831 0.000146603425666 0.000146603425666 0.989680651599 0.000146603425666
0.000146524815173 0.00439301184925 0.000146524815173 0.000146524815173 0.99356113606 0.00160627764489
0.000146677852362 0.000146677852362 0.0117028585281 0.000146677852362 0.987674980346 0.000182127569337
0.000146744010113 0.000146744010113 0.0143149269161 0.00491661295975 0.980328228094 0.000146744010113
0.000146674366873 0.0166675408592 0.000146674366873 0.000146674366873 0.982745761673 0.000146674366873
0.877747400161 0.000101272095046 0.000101272095046 0.121847511459 0.000101272095046 0.000101272095046
0.00010122751841 0.00010122751841 0.00010122751841 0.00010122751841 0.00010122751841 0.999493862408
0.000146585397875 0.0155269038313 0.000146585397875 0.000146585397875 0.983886754577 0.000146585397875
0.0001464723506 0.00144839399841 0.0001464723506 0.0001464723506 0.996459082636 0.00165310631341
0.00014663872159 0.00014663872159 0.0114682673695 0.00014663872159 0.987945177744 0.00014663872159
0.864149904021 0.000101427218782 0.000101427218782 0.135444387104 0.000101427218782 0.000101427218782
0.000146499054765 0.000146499054765 0.00178575929831 0.000146499054765 0.995891989178 0.00188275435892
0.00183045626329 0.0100900742384 0.000146714344012 0.000146714344012 0.987639326466 0.000146714344012
0.000146638696111 0.0160418726093 0.000146638696111 0.000146638696111 0.983371572606 0.000146638696111
0.000100874492825 0.000100874492825 0.000100874492825 0.000100874492825 0.000100874492825 0.999495627536
0.999487841451 0.000102431709815 0.000102431709815 0.000102431709815 0.000102431709815 0.000102431709815
0.00014678409958 0.00014678409958 0.0174283055849 0.0125940571166 0.969537285 0.00014678409958
0.000146552937702 0.011738706391 0.000146552937702 0.000146552937702 0.987675081858 0.000146552937702
0.000146576242139 0.000431348271532 0.00317595423265 0.000146576242139 0.994904118186 0.00119542682552
0.000100966647795 0.000100966647795 0.000100966647795 0.000100966647795 0.000100966647795 0.999495166761
0.000146588439754 0.000146588439754 0.00596353396003 0.000146588439754 0.991273763162 0.00232293755862
0.00269184479916 0.0098188521701 0.000146641456256 0.000146641456256 0.987049378662 0.000146641456256
0.00378765971255 0.01427567258 0.000146720250535 0.000146720250535 0.981496506956 0.000146720250535
0.999489978023 0.000102004395463 0.000102004395463 0.000102004395463 0.000102004395463 0.000102004395463
0.000146727085675 0.000146727085675 0.0192634928024 0.00383735501673 0.976458970924 0.000146727085675
0.000146575166469 0.00722196782126 0.000146575166469 0.000146575166469 0.991648958846 0.000689347833454
0.000146804931827 0.000146804931827 0.0243746996146 0.0171105881747 0.958074297415 0.000146804931827
0.000146692034278 0.000146692034278 0.0128003443267 0.000146692034278 0.986400599108 0.000358980462963
0.000146532780919 0.000146532780919 0.00271746638318 0.000146532780919 0.995323248464 0.00151968681056
0.947720528612 0.000101963037298 0.000101963037298 0.0518716192389 0.000101963037298 0.000101963037298
0.999491734833 0.000101653033374 0.000101653033374 0.000101653033374 0.000101653033374 0.000101653033374
0.000103485717587 0.000103485717587 0.999482571412 0.000103485717587 0.000103485717587 0.000103485717587
0.000101025495242 0.000101025495242 0.000101025495242 0.000101025495242 0.000101025495242 0.999494872524
0.000146545045579 0.000646665268335 0.00282956983133 0.000146545045579 0.994447108834 0.00178356597526
0.000146562461806 0.0102579613883 0.000146562461806 0.000146562461806 0.989155788765 0.000146562461806
0.000146862310549 0.000146862310549 0.0318878442131 0.030918901765 0.93675266709 0.000146862310549
0.000146775539471 0.0109805438069 0.00094093824339 0.000169419536213 0.986710383809 0.00105193906487
0.999496428123 0.000100714375423 0.000100714375423 0.000100714375423 0.000100714375423 0.000100714375423
0.000146500643089 0.000146500643089 0.00151716480716 0.000146500643089 0.996225852402 0.00181748086166
0.000146759466612 0.000146759466612 0.0168148123595 0.00582429066691 0.975338495028 0.00172888301275
0.000146539489369 0.000146539489369 0.00301001893026 0.000146539489369 0.994931359542 0.0016190030593
0.999495142591 0.000100971481772 0.000100971481772 0.000100971481772 0.000100971481772 0.000100971481772
0.000146559940499 0.000146559940499 0.0044119386508 0.000146559940499 0.993947014524 0.00120136700374
0.000146685434417 0.00348192697988 0.00498155941922 0.000146685434417 0.989518999103 0.0017241436294
0.968733166898 0.000102276718046 0.000102276718046 0.0308577262298 0.000102276718046 0.000102276718046
0.000102756695884 0.999486216521 0.000102756695884 0.000102756695884 0.000102756695884 0.000102756695884
0.000101236819762 0.000101236819762 0.000101236819762 0.000101236819762 0.000101236819762 0.999493815901
0.000146822876023 0.000146822876023 0.0249814271935 0.0222625552588 0.95231554892 0.000146822876023
0.000146601311422 0.000146601311422 0.00611082490327 0.000146601311422 0.991911464637 0.00153790652499
0.98018699468 0.000102562892151 0.000102562892151 0.0194027537517 0.000102562892151 0.000102562892151
0.99949145051 0.000101709897994 0.000101709897994 0.000101709897994 0.000101709897994 0.000101709897994
0.00128801836765 0.000101895645117 0.000101895645117 0.998304399052 0.000101895645117 0.000101895645117
0.000146547611637 0.0160543964232 0.000146547611637 0.000146547611637 0.98335941313 0.000146547611637
0.000146675568497 0.0129947604892 0.000146675568497 0.000146675568497 0.986363165938 0.000202046866942
0.00197949182559 0.000146784327015 0.0190043899821 0.00828901916858 0.968374650565 0.00220566413226
0.000146554386373 0.000146554386373 0.00205978386931 0.000146554386373 0.995209965434 0.0022905875379
0.000146593053107 0.014770082357 0.000146593053107 0.000146593053107 0.984643545431 0.000146593053107
0.000146743275099 0.000146743275099 0.0211126177361 0.00801055687285 0.970436595566 0.000146743275099
0.000146791206959 0.0107749327272 0.000664432436038 0.00257277249915 0.98473891197 0.00110215916078
0.000146794293815 0.000146794293815 0.0261398953576 0.0147323801352 0.958687341626 0.000146794293815
0.000146462581833 0.00520403226173 0.000146462581833 0.000146462581833 0.994210117411 0.000146462581833
0.000146833515395 0.000146833515395 0.0194984140697 0.0211626063933 0.958898478991 0.000146833515395
0.000146612163505 0.0104702103589 0.000146612163505 0.000146612163505 0.988943340987 0.000146612163505
0.00014663422147 0.00832569315723 0.00014663422147 0.00014663422147 0.991087769957 0.00014663422147
0.000146575561659 0.00485199159062 0.000146575561659 0.000146575561659 0.994475412528 0.000232869196877
0.000146702591626 0.0132008278657 0.000146702591626 0.000146702591626 0.986212361768 0.000146702591626
0.00014665607008 0.00014665607008 0.011918576971 0.00014665607008 0.987494798749 0.00014665607008
0.000146636100656 0.0173681337205 0.000146636100656 0.000146636100656 0.982045321877 0.000146636100656
0.000146514598594 0.000146514598594 0.00430069342221 0.000146514598594 0.994438690241 0.000821072540965
0.000146641764362 0.0171672475598 0.000146641764362 0.000146641764362 0.982246185383 0.000146641764362
0.999491202959 0.000101759408183 0.000101759408183 0.000101759408183 0.000101759408183 0.000101759408183
0.00014669257655 0.00014669257655 0.00684851776495 0.00014669257655 0.992224567659 0.000486836846073
0.000146758801073 0.000146758801073 0.0308285085555 0.0206280684103 0.948103146631 0.000146758801073
0.000146584572213 0.000146584572213 0.00529618232703 0.000146584572213 0.9931146118 0.00114945215669
0.0108967722222 0.0123026023708 0.00570797004278 0.00831115434064 0.956891057716 0.00589044330722
0.000146774075044 0.000146774075044 0.0257104721268 0.0149233511223 0.958925854526 0.000146774075044
0.000146970821978 0.000146970821978 0.021612747415 0.0455092894422 0.932437050677 0.000146970821978
0.000146730484342 0.000146730484342 0.0174200872443 0.00705546091271 0.97508426039 0.000146730484342
0.999496044798 0.000100791040333 0.000100791040333 0.000100791040333 0.000100791040333 0.000100791040333
0.000101323186376 0.000101323186376 0.000101323186376 0.000101323186376 0.000101323186376 0.999493384068
0.000146613446522 0.00217899290865 0.008486852816 0.000146613446522 0.987464105286 0.00157682209597
0.000146584920319 0.000146584920319 0.00671696878784 0.000146584920319 0.992247789301 0.000595487150148
0.000103093060787 0.000103093060787 0.000103093060787 0.000103093060787 0.000103093060787 0.999484534696
0.000146735603419 0.000146735603419 0.0218950105783 0.00751411608022 0.970150666531 0.000146735603419
0.00362843012998 0.000102795042228 0.000102795042228 0.995960389701 0.000102795042228 0.000102795042228
0.00010099295973 0.00010099295973 0.00010099295973 0.00010099295973 0.00010099295973 0.999495035201
0.00330564364229 0.00552386305429 0.00127503656613 0.00014669195382 0.988575025942 0.00117373884158
0.000102274294302 0.000102274294302 0.000102274294302 0.000102274294302 0.000102274294302 0.999488628528
0.999493906844 0.000101218631212 0.000101218631212 0.000101218631212 0.000101218631212 0.000101218631212
0.000172791710182 0.000146709005457 0.00883881817319 0.000146709005457 0.98903562079 0.00165935131531
0.877334950868 0.000101580000045 0.000101580000045 0.122258729132 0.000101580000045 0.000101580000045
0.000146591707724 0.016978111351 0.000146591707724 0.000146591707724 0.982435521818 0.000146591707724
0.000146561696519 0.00628916771897 0.000146561696519 0.000146561696519 0.991747765285 0.00152338190695
0.000102043036843 0.000102043036843 0.999489784816 0.000102043036843 0.000102043036843 0.000102043036843
0.000146552577151 0.000146552577151 0.00466181573058 0.000146552577151 0.994190003653 0.000708522885102
0.000146609388003 0.0010478300649 0.00308191009173 0.000146609388003 0.993188320054 0.00238872101353
0.999492490072 0.000101501985678 0.000101501985678 0.000101501985678 0.000101501985678 0.000101501985678
0.000146802606397 0.000146802606397 0.020701206389 0.0153026785574 0.963555707234 0.000146802606397
0.000146778299528 0.000146778299528 0.0263180094339 0.015528260391 0.957713395277 0.000146778299528
0.000146588435896 0.00178432443082 0.00225265523418 0.000146588435896 0.992949732861 0.00272011060196
0.000101711937373 0.000101711937373 0.000101711937373 0.999491440313 0.000101711937373 0.000101711937373
0.000146725817786 0.000146725817786 0.0283472493715 0.0126321290983 0.958580444077 0.000146725817786
0.000146760500424 0.000146760500424 0.018092809682 0.00972513056803 0.971741778249 0.000146760500424
0.00014656464779 0.00014656464779 0.00530250900732 0.00014656464779 0.992719133494 0.00153866355494
0.000146569424345 0.0125949957329 0.000146569424345 0.000146569424345 0.98681872657 0.000146569424345
0.000101080580879 0.000101080580879 0.000101080580879 0.000101080580879 0.000101080580879 0.999494597096
0.000146632872545 0.0156840667228 0.000146632872545 0.000146632872545 0.983729401787 0.000146632872545
0.999490578201 0.000101884359845 0.000101884359845 0.000101884359845 0.000101884359845 0.000101884359845
0.000146655985591 0.0130696012552 0.000146655985591 0.000146655985591 0.986343774802 0.000146655985591
0.999490709842 0.00010185803164 0.00010185803164 0.00010185803164 0.00010185803164 0.00010185803164
0.000146678472689 0.0158441913788 0.000146678472689 0.000146678472689 0.98356909473 0.000146678472689
0.000146694120293 0.0146569261095 0.000146694120293 0.000146694120293 0.983864050573 0.00103894095677
0.000146545296825 0.00968023869325 0.000146545296825 0.000146545296825 0.989733580119 0.000146545296825
0.000146661465302 0.0104550300497 0.000146661465302 0.000146661465302 0.988958324089 0.000146661465302
0.000102361049845 0.999488194751 0.000102361049845 0.000102361049845 0.000102361049845 0.000102361049845
0.952547910381 0.000103978948661 0.0470361738246 0.000103978948661 0.000103978948661 0.000103978948661
0.000102135218709 0.000102135218709 0.000102135218709 0.000102135218709 0.000102135218709 0.999489323906
0.000146786072845 0.000146786072845 0.0177112079844 0.0137927169697 0.968055716827 0.000146786072845
0.000103560424041 0.000103560424041 0.000103560424041 0.99948219788 0.000103560424041 0.000103560424041
0.918335202846 0.000101634961069 0.000101634961069 0.0812582573101 0.000101634961069 0.000101634961069
0.983268399816 0.000102605856382 0.000102605856382 0.0163211767587 0.000102605856382 0.000102605856382
0.999488736723 0.0001022526555 0.0001022526555 0.0001022526555 0.0001022526555 0.0001022526555
0.00014676273148 0.00014676273148 0.0290109903341 0.0186395512127 0.951909170259 0.00014676273148
0.000146645026664 0.0144314877224 0.000146645026664 0.000146645026664 0.984981932171 0.000146645026664
0.000146499790599 0.000146499790599 0.0050849487411 0.000146499790599 0.993903815317 0.000571736569888
0.000101135700913 0.000101135700913 0.000101135700913 0.000101135700913 0.000101135700913 0.999494321495
0.99949270759 0.000101458482057 0.000101458482057 0.000101458482057 0.000101458482057 0.000101458482057
0.000101100034445 0.000101100034445 0.000101100034445 0.000101100034445 0.000101100034445 0.999494499828
0.00010088192121 0.00010088192121 0.00010088192121 0.00010088192121 0.00010088192121 0.999495590394
0.000146798915274 0.000146798915274 0.0326435773782 0.0256490599277 0.941266965948 0.000146798915274
0.999496215117 0.00010075697658 0.00010075697658 0.00010075697658 0.00010075697658 0.00010075697658
0.999492935397 0.000101412920587 0.000101412920587 0.000101412920587 0.000101412920587 0.000101412920587
0.000146590947335 0.000146590947335 0.0100724652654 0.000146590947335 0.989341170945 0.000146590947335
0.000146572116441 0.0154895045955 0.000146572116441 0.000146572116441 0.983924206939 0.000146572116441
0.000146693194223 0.000146693194223 0.0144171875364 0.000146693194223 0.984996039687 0.000146693194223
0.000146646867898 0.0165679521999 0.000146646867898 0.000146646867898 0.982845460328 0.000146646867898
0.000146683020582 0.0176806014527 0.000146683020582 0.000146683020582 0.981732666465 0.000146683020582
0.973920518622 0.00010209872947 0.00010209872947 0.02567108646 0.00010209872947 0.00010209872947
0.000101079914808 0.000101079914808 0.000101079914808 0.000101079914808 0.000101079914808 0.999494600426
0.00010085138326 0.00010085138326 0.00010085138326 0.00010085138326 0.00010085138326 0.999495743084
0.000101185439043 0.000101185439043 0.000101185439043 0.000101185439043 0.000101185439043 0.999494072805
0.000146525875371 0.000555487588221 0.00122115249575 0.000146525875371 0.995790163234 0.00214014493161
0.0001467704514 0.0001467704514 0.0281750151328 0.0153185589077 0.956066114605 0.0001467704514
0.000146491052677 0.00588858051267 0.000146491052677 0.000146491052677 0.993164401851 0.000507544478185
0.00448699139309 0.000101646257852 0.000101646257852 0.995106423576 0.000101646257852 0.000101646257852
0.000146470932591 0.000146470932591 0.000146470932591 0.000146470932591 0.997368755336 0.00204536093373
0.000146627576064 0.000146627576064 0.00998997241621 0.000146627576064 0.988718686008 0.00085145884786
0.000146524905767 0.00853996249061 0.000146524905767 0.000146524905767 0.990295793977 0.000724668815098
0.000146813636998 0.000146813636998 0.0274662485594 0.0190614339359 0.953031876594 0.000146813636998
0.000101792664226 0.000101792664226 0.000101792664226 0.999491036679 0.000101792664226 0.000101792664226
0.00489812920496 0.000146803427608 0.0208068047996 0.0107360309897 0.958920253744 0.00449197783446
0.00014686457652 0.00014686457652 0.0348117789591 0.0367778423815 0.92796978493 0.00014686457652
0.000146513533303 0.00424688924075 0.000146513533303 0.000146513533303 0.994789962273 0.000523607886344
0.00010097038243 0.00010097038243 0.00010097038243 0.00010097038243 0.00010097038243 0.999495148088
0.000146637088087 0.0183186828911 0.000146637088087 0.000146637088087 0.981094768757 0.000146637088087
0.000146552712241 0.000888060451233 0.00346524054895 0.000146552712241 0.993280227843 0.00207336573282
0.0123860130667 0.00130153841278 0.0159743046009 0.00827500048887 0.952574224659 0.00948891877217
0.000102754795875 0.999486226021 0.000102754795875 0.000102754795875 0.000102754795875 0.000102754795875
0.000102431306846 0.999487843466 0.000102431306846 0.000102431306846 0.000102431306846 0.000102431306846
0.000146670023198 0.00312760199585 0.00514927872072 0.000146670023198 0.989987742707 0.00144203652975
0.000101793585023 0.000101793585023 0.000101793585023 0.000101793585023 0.000101793585023 0.999491032075
0.000146653078041 0.0167178842376 0.000146653078041 0.000146653078041 0.98269550345 0.000146653078041
0.000146635821574 0.0202647020297 0.000146635821574 0.000146635821574 0.979148754684 0.000146635821574
0.000146653626992 0.000146653626992 0.0119236821528 0.000146653626992 0.987461400955 0.000174956011355
0.999495659543 0.000100868091344 0.000100868091344 0.000100868091344 0.000100868091344 0.000100868091344
0.000102147911413 0.000102147911413 0.000102147911413 0.000102147911413 0.000102147911413 0.999489260443
0.000146580823921 0.0141679572396 0.000146580823921 0.000146580823921 0.985245719465 0.000146580823921
0.000146487951288 0.0062315806412 0.000146487951288 0.000146487951288 0.993011131266 0.000317824239037
0.00707116415994 0.000101939581383 0.000101939581383 0.992521077515 0.000101939581383 0.000101939581383
0.000101953704208 0.000101953704208 0.999490231479 0.000101953704208 0.000101953704208 0.000101953704208
0.000146445347388 0.000146445347388 0.000146445347388 0.000146445347388 0.997395135027 0.00201908358381
0.00010119149197 0.00010119149197 0.00010119149197 0.00010119149197 0.00010119149197 0.99949404254
0.000146614140355 0.00614513426813 0.000146614140355 0.000146614140355 0.987456683594 0.00595833971717
0.000100925798349 0.000100925798349 0.000100925798349 0.000100925798349 0.000100925798349 0.999495371008
0.000146639460884 0.0149803171091 0.000146639460884 0.000146639460884 0.984433125047 0.000146639460884
0.000146553199466 0.00926986900704 0.000146553199466 0.000146553199466 0.990143918195 0.000146553199466
0.000146532842811 0.00377183653751 0.000146532842811 0.000146532842811 0.994091973061 0.00169659187332
0.000146397831559 0.0030237729883 0.000146397831559 0.000146397831559 0.996355229127 0.000181804389677
0.000501199938848 0.000146688190206 0.00909404390962 0.000146688190206 0.988244744784 0.00186663498686
0.999494759281 0.00010104814374 0.00010104814374 0.00010104814374 0.00010104814374 0.00010104814374
0.000146544315783 0.00195511680295 0.00129992277611 0.000146544315783 0.994565754333 0.00188611745683
0.000146608743879 0.000210474363103 0.0044772224313 0.000146608743879 0.992081013617 0.00293807210076
0.000146609138901 0.000146609138901 0.00916359588299 0.000146609138901 0.98987759563 0.000518981070244
0.00010108983417 0.00010108983417 0.00010108983417 0.00010108983417 0.00010108983417 0.999494550829
0.000146658643464 0.00830296053172 0.000146658643464 0.000146658643464 0.990437987637 0.000819075900914
0.000146622214957 0.0163233743047 0.000146622214957 0.000146622214957 0.983090136836 0.000146622214957
0.000146802500594 0.000146802500594 0.0170905901869 0.0163535321855 0.966115470126 0.000146802500594
