0.00010104886589 0.00010104886589 0.999292657939 0.00010104886589 0.00010104886589 0.00010104886589 0.00010104886589 0.00010104886589
0.000121680047303 0.000121680047303 0.000121680047303 0.000121680047303 0.000121680047303 0.000121680047303 0.000121680047303 0.999148239669
0.000101980073292 0.000101980073292 0.000101980073292 0.999286139487 0.000101980073292 0.000101980073292 0.000101980073292 0.000101980073292
0.000113355112198 0.0149673387902 0.000113355112198 0.000113355112198 0.000113355112198 0.00269048368048 0.000113355112198 0.981775401968
0.000101448742973 0.000101448742973 0.000101448742973 0.000101448742973 0.000101448742973 0.000101448742973 0.999289858799 0.000101448742973
0.000128860865374 0.000128860865374 0.000128860865374 0.000128860865374 0.000128860865374 0.000128860865374 0.000128860865374 0.999097973942
0.00540792813693 0.000135877397243 0.000135877397243 0.000135877397243 0.000135877397243 0.000135877397243 0.000135877397243 0.99377680748
0.000131720159436 0.000131720159436 0.000131720159436 0.000131720159436 0.000131720159436 0.000131720159436 0.000131720159436 0.999077958884
0.000101020503197 0.000101020503197 0.999292856478 0.000101020503197 0.000101020503197 0.000101020503197 0.000101020503197 0.000101020503197
0.000123010321364 0.000123010321364 0.000123010321364 0.000123010321364 0.000123010321364 0.000123010321364 0.000123010321364 0.99913892775
0.0104677494506 0.000136882334741 0.000136882334741 0.000136882334741 0.000136882334741 0.000136882334741 0.000136882334741 0.988710956541
0.000101234432019 0.000101234432019 0.000101234432019 0.000101234432019 0.000101234432019 0.000101234432019 0.999291358976 0.000101234432019
0.000102205209146 0.000102205209146 0.000102205209146 0.000102205209146 0.999284563536 0.000102205209146 0.000102205209146 0.000102205209146
0.000120496591479 0.000120496591479 0.000120496591479 0.000120496591479 0.000120496591479 0.000120496591479 0.000120496591479 0.99915652386
0.000131435259474 0.000131435259474 0.000131435259474 0.000131435259474 0.000131435259474 0.000131435259474 0.000131435259474 0.999079953184
0.000101409230239 0.000101409230239 0.0374673009847 0.961924243634 0.000101409230239 0.000101409230239 0.000101409230239 0.000101409230239
0.00011382226847 0.0259841828713 0.00011382226847 0.00011382226847 0.00011382226847 0.00912254677817 0.00011382226847 0.964324159008
0.000116679529211 0.000116679529211 0.000116679529211 0.000116679529211 0.000116679529211 0.000116679529211 0.000116679529211 0.999183243296
0.000101023562474 0.000101023562474 0.000101023562474 0.70793138061 0.000101023562474 0.000101023562474 0.291462478015 0.000101023562474
0.000128051983155 0.000128051983155 0.000128051983155 0.000128051983155 0.000128051983155 0.000128051983155 0.000128051983155 0.999103636118
0.000101267436821 0.000101267436821 0.000101267436821 0.297387486012 0.000101267436821 0.000101267436821 0.702004909367 0.000101267436821
0.000111141878816 0.000111141878816 0.000111141878816 0.000111141878816 0.000111141878816 0.999222006848 0.000111141878816 0.000111141878816
0.000114061888527 0.0112990804041 0.000114061888527 0.000114061888527 0.000114061888527 0.000114061888527 0.000114061888527 0.988016548265
0.000114226573478 0.00566387000342 0.000114226573478 0.000114226573478 0.000114226573478 0.000114226573478 0.000114226573478 0.993650770556
0.000101011766918 0.000101011766918 0.999292917632 0.000101011766918 0.000101011766918 0.000101011766918 0.000101011766918 0.000101011766918
0.000102276707937 0.000102276707937 0.000102276707937 0.32428211486 0.000102276707937 0.000102276707937 0.675104224893 0.000102276707937
0.00013232662592 0.00013232662592 0.00013232662592 0.00013232662592 0.00013232662592 0.00013232662592 0.00013232662592 0.999073713619
0.000123887386048 0.000123887386048 0.000123887386048 0.000123887386048 0.000123887386048 0.000123887386048 0.000123887386048 0.999132788298
0.000102230136489 0.000102230136489 0.000102230136489 0.000102230136489 0.999284389045 0.000102230136489 0.000102230136489 0.000102230136489
0.000111277370184 0.0337971124183 0.000111277370184 0.000111277370184 0.000111277370184 0.0181103418601 0.000111277370184 0.947536158871
0.000119602829783 0.000119602829783 0.000119602829783 0.000119602829783 0.000119602829783 0.000119602829783 0.000119602829783 0.999162780192
0.000125891637071 0.000125891637071 0.000125891637071 0.000125891637071 0.000125891637071 0.000125891637071 0.000125891637071 0.999118758541
0.000121500363954 0.000121500363954 0.000121500363954 0.000121500363954 0.000121500363954 0.000121500363954 0.000121500363954 0.999149497452
0.000128123776599 0.000128123776599 0.000128123776599 0.000128123776599 0.000128123776599 0.000128123776599 0.000128123776599 0.999103133564
0.000112558398193 0.0299001412036 0.000112558398193 0.000112558398193 0.000112558398193 0.0254156213266 0.000112558398193 0.944121445479
0.000113766091745 0.00998183300539 0.000113766091745 0.000113766091745 0.000113766091745 0.0034361881716 0.000113766091745 0.986013148364
0.000102315176372 0.000102315176372 0.000102315176372 0.000102315176372 0.000102315176372 0.000102315176372 0.999283793765 0.000102315176372
0.000129487554494 0.000129487554494 0.000129487554494 0.000129487554494 0.000129487554494 0.000129487554494 0.000129487554494 0.999093587119
0.00010219196188 0.00010219196188 0.00010219196188 0.00010219196188 0.999284656267 0.00010219196188 0.00010219196188 0.00010219196188
0.000104680399607 0.000104680399607 0.000104680399607 0.000104680399607 0.000104680399607 0.000104680399607 0.999267237203 0.000104680399607
0.0185528704055 0.000138717418378 0.000138717418378 0.000138717418378 0.000138717418378 0.000138717418378 0.000138717418378 0.980614825084
0.000102454638942 0.000102454638942 0.000102454638942 0.000102454638942 0.999282817527 0.000102454638942 0.000102454638942 0.000102454638942
0.000118589082473 0.00709757007282 0.000118589082473 0.000118589082473 0.000118589082473 0.00496865235681 0.000118589082473 0.987340832158
0.000101189176464 0.000101189176464 0.000101189176464 0.513705422649 0.000101189176464 0.000101189176464 0.485687442292 0.000101189176464
0.0155978774222 0.000137988404405 0.000137988404405 0.000137988404405 0.000137988404405 0.000137988404405 0.000137988404405 0.983574192151
0.000102701061641 0.999281092569 0.000102701061641 0.000102701061641 0.000102701061641 0.000102701061641 0.000102701061641 0.000102701061641
0.000131597877121 0.000131597877121 0.000131597877121 0.000131597877121 0.000131597877121 0.000131597877121 0.000131597877121 0.99907881486
0.000127859934286 0.000127859934286 0.000127859934286 0.000127859934286 0.000127859934286 0.000127859934286 0.000127859934286 0.99910498046
0.000124896645698 0.000124896645698 0.000124896645698 0.000124896645698 0.000124896645698 0.000124896645698 0.000124896645698 0.99912572348
0.000132368549921 0.000132368549921 0.000132368549921 0.000132368549921 0.000132368549921 0.000132368549921 0.000132368549921 0.999073420151
0.000119329961118 0.000119329961118 0.000119329961118 0.000119329961118 0.000119329961118 0.000119329961118 0.000119329961118 0.999164690272
0.000114556774388 0.00301449446887 0.000114556774388 0.000114556774388 0.000114556774388 0.000114556774388 0.000114556774388 0.996298164885
0.000101756728223 0.000101756728223 0.000101756728223 0.289868619481 0.000101756728223 0.000101756728223 0.70952084015 0.000101756728223
0.000120933263843 0.000120933263843 0.000120933263843 0.000120933263843 0.000120933263843 0.000120933263843 0.000120933263843 0.999153467153
0.000128924025961 0.000128924025961 0.000128924025961 0.000128924025961 0.000128924025961 0.000128924025961 0.000128924025961 0.999097531818
0.0212407861212 0.000138970785141 0.000138970785141 0.000138970785141 0.000138970785141 0.000138970785141 0.000138970785141 0.977925389168
0.000101943707042 0.000101943707042 0.000101943707042 0.252313611486 0.000101943707042 0.000101943707042 0.747074726272 0.000101943707042
0.000101258673147 0.000101258673147 0.000101258673147 0.810738606183 0.000101258673147 0.000101258673147 0.188653841778 0.000101258673147
0.000131755608501 0.000131755608501 0.000131755608501 0.000131755608501 0.000131755608501 0.000131755608501 0.000131755608501 0.99907771074
0.00013416932978 0.00013416932978 0.00013416932978 0.00013416932978 0.00013416932978 0.00013416932978 0.00013416932978 0.999060814692
0.000101281955141 0.000101281955141 0.000101281955141 0.509137713333 0.000101281955141 0.000101281955141 0.490254594936 0.000101281955141
0.000113428935036 0.0206997504287 0.000113428935036 0.000113428935036 0.000113428935036 0.000804780013089 0.000113428935036 0.977928324883
0.000124503402151 0.000124503402151 0.000124503402151 0.000124503402151 0.000124503402151 0.000124503402151 0.000124503402151 0.999128476185
0.000101035419009 0.000101035419009 0.999292752067 0.000101035419009 0.000101035419009 0.000101035419009 0.000101035419009 0.000101035419009
0.000120023182142 0.000120023182142 0.000120023182142 0.000120023182142 0.000120023182142 0.000120023182142 0.000120023182142 0.999159837725
0.000125502947087 0.000125502947087 0.000125502947087 0.000125502947087 0.000125502947087 0.000125502947087 0.000125502947087 0.99912147937
0.00010257599159 0.999281968059 0.00010257599159 0.00010257599159 0.00010257599159 0.00010257599159 0.00010257599159 0.00010257599159
0.000130970915521 0.000130970915521 0.000130970915521 0.000130970915521 0.000130970915521 0.000130970915521 0.000130970915521 0.999083203591
0.00134551462323 0.000134886651485 0.000134886651485 0.000134886651485 0.000134886651485 0.000134886651485 0.000134886651485 0.997845165468
0.000124779246932 0.000124779246932 0.000124779246932 0.000124779246932 0.000124779246932 0.000124779246932 0.000124779246932 0.999126545271
0.000133711338466 0.000133711338466 0.000133711338466 0.000133711338466 0.000133711338466 0.000133711338466 0.000133711338466 0.999064020631
0.00011843370773 0.00298800122579 0.00011843370773 0.00011843370773 0.00011843370773 0.000140133348294 0.00011843370773 0.996279696887
0.00010096270463 0.00010096270463 0.999293261068 0.00010096270463 0.00010096270463 0.00010096270463 0.00010096270463 0.00010096270463
0.000101050823836 0.000101050823836 0.999292644233 0.000101050823836 0.000101050823836 0.000101050823836 0.000101050823836 0.000101050823836
0.000114642829798 0.0035604300182 0.000114642829798 0.000114642829798 0.000114642829798 0.000114642829798 0.000114642829798 0.995751713003
0.01226686442 0.000137319140653 0.000137319140653 0.000137319140653 0.000137319140653 0.000137319140653 0.000137319140653 0.986909220736
0.000101168527581 0.000101168527581 0.000101168527581 0.000101168527581 0.000101168527581 0.000101168527581 0.999291820307 0.000101168527581
0.000100982262392 0.000100982262392 0.999293124163 0.000100982262392 0.000100982262392 0.000100982262392 0.000100982262392 0.000100982262392
0.00012223100032 0.00012223100032 0.00012223100032 0.00012223100032 0.00012223100032 0.00012223100032 0.00012223100032 0.999144382998
0.000102720421455 0.99928095705 0.000102720421455 0.000102720421455 0.000102720421455 0.000102720421455 0.000102720421455 0.000102720421455
0.0103394018814 0.000136960902217 0.000136960902217 0.000136960902217 0.000136960902217 0.000136960902217 0.000136960902217 0.988838832705
0.000112237863485 0.0244112733223 0.000112237863485 0.000112237863485 0.000112237863485 0.00121503239076 0.000112237863485 0.97381250497
0.000126316779743 0.000126316779743 0.000126316779743 0.000126316779743 0.000126316779743 0.000126316779743 0.000126316779743 0.999115782542
0.000118504231826 0.00840761928986 0.000118504231826 0.000118504231826 0.000118504231826 0.00527258355998 0.000118504231826 0.985727275991
0.000121294082211 0.000121294082211 0.000121294082211 0.000121294082211 0.000121294082211 0.000121294082211 0.000121294082211 0.999150941425
0.000101446522561 0.000101446522561 0.000101446522561 0.000101446522561 0.000101446522561 0.999289874342 0.000101446522561 0.000101446522561
0.000114677015151 0.00917917805259 0.000114677015151 0.000114677015151 0.000114677015151 0.000114677015151 0.000114677015151 0.990132759857
0.000130800489803 0.000130800489803 0.000130800489803 0.000130800489803 0.000130800489803 0.000130800489803 0.000130800489803 0.999084396571
0.000125579845698 0.000125579845698 0.000125579845698 0.000125579845698 0.000125579845698 0.000125579845698 0.000125579845698 0.99912094108
0.000131630470273 0.000131630470273 0.000131630470273 0.000131630470273 0.000131630470273 0.000131630470273 0.000131630470273 0.999078586708
0.000100890099646 0.000100890099646 0.000100890099646 0.000100890099646 0.000100890099646 0.000100890099646 0.999293769302 0.000100890099646
0.00012523580375 0.00012523580375 0.00012523580375 0.00012523580375 0.00012523580375 0.00012523580375 0.00012523580375 0.999123349374
0.000121314931803 0.000121314931803 0.000121314931803 0.000121314931803 0.000121314931803 0.000121314931803 0.000121314931803 0.999150795477
0.000129267416248 0.000129267416248 0.000129267416248 0.000129267416248 0.000129267416248 0.000129267416248 0.000129267416248 0.999095128086
0.000102158477173 0.000102158477173 0.000102158477173 0.000102158477173 0.99928489066 0.000102158477173 0.000102158477173 0.000102158477173
0.0138051166385 0.000137662907714 0.000137662907714 0.000137662907714 0.000137662907714 0.000137662907714 0.000137662907714 0.985368905915
0.0271183306281 0.00014035604067 0.00014035604067 0.00014035604067 0.00014035604067 0.00014035604067 0.00014035604067 0.972039533128
0.000132018704344 0.000132018704344 0.000132018704344 0.000132018704344 0.000132018704344 0.000132018704344 0.000132018704344 0.99907586907
0.000119842679007 0.000119842679007 0.000119842679007 0.000119842679007 0.000119842679007 0.000119842679007 0.000119842679007 0.999161101247
0.000115737276027 0.00276902856621 0.000115737276027 0.000115737276027 0.000115737276027 0.000115737276027 0.000115737276027 0.996536547778
0.000110869872229 0.0358076012437 0.000110869872229 0.000110869872229 0.000110869872229 0.0134481886663 0.000110869872229 0.950189860729
0.00013153870016 0.00013153870016 0.00013153870016 0.00013153870016 0.00013153870016 0.00013153870016 0.00013153870016 0.999079229099
0.000122629783059 0.000122629783059 0.000122629783059 0.000122629783059 0.000122629783059 0.000122629783059 0.000122629783059 0.999141591519
0.000115670620238 0.00568067041066 0.000115670620238 0.000115670620238 0.000115670620238 0.000115670620238 0.000115670620238 0.993625305868
0.000124611733479 0.000124611733479 0.000124611733479 0.000124611733479 0.000124611733479 0.000124611733479 0.000124611733479 0.999127717866
0.000127828031489 0.000127828031489 0.000127828031489 0.000127828031489 0.000127828031489 0.000127828031489 0.000127828031489 0.99910520378
0.000114469379639 0.00801085854084 0.000114469379639 0.000114469379639 0.000114469379639 0.00186100547551 0.000114469379639 0.989555789085
0.000128880906552 0.000128880906552 0.000128880906552 0.000128880906552 0.000128880906552 0.000128880906552 0.000128880906552 0.999097833654
0.00010244979583 0.999282851429 0.00010244979583 0.00010244979583 0.00010244979583 0.00010244979583 0.00010244979583 0.00010244979583
0.00010116645881 0.00010116645881 0.999291834788 0.00010116645881 0.00010116645881 0.00010116645881 0.00010116645881 0.00010116645881
0.000112442948013 0.0216357420694 0.000112442948013 0.000112442948013 0.000112442948013 0.00393001786867 0.000112442948013 0.973872025322
0.000131707518989 0.000131707518989 0.000131707518989 0.000131707518989 0.000131707518989 0.000131707518989 0.000131707518989 0.999078047367
0.00012457173727 0.00012457173727 0.00012457173727 0.00012457173727 0.00012457173727 0.00012457173727 0.00012457173727 0.999127997839
0.00013207670622 0.00013207670622 0.00013207670622 0.00013207670622 0.00013207670622 0.00013207670622 0.00013207670622 0.999075463056
0.0119267861433 0.000137174769371 0.000137174769371 0.000137174769371 0.000137174769371 0.000137174769371 0.000137174769371 0.98725016524
0.00012575235204 0.00012575235204 0.00012575235204 0.00012575235204 0.00012575235204 0.00012575235204 0.00012575235204 0.999119733536
0.000114300040776 0.00710275091133 0.000114300040776 0.000114300040776 0.000114300040776 0.000114300040776 0.000114300040776 0.992211448844
0.000128864339965 0.000128864339965 0.000128864339965 0.000128864339965 0.000128864339965 0.000128864339965 0.000128864339965 0.99909794962
0.000102714861932 0.000102714861932 0.000102714861932 0.000102714861932 0.000102714861932 0.000102714861932 0.999280995966 0.000102714861932
0.000112389278843 0.0206306294919 0.000112389278843 0.000112389278843 0.000112389278843 0.00118271592243 0.000112389278843 0.977624708192
0.000101384820726 0.000101384820726 0.999290306255 0.000101384820726 0.000101384820726 0.000101384820726 0.000101384820726 0.000101384820726
0.000113785290929 0.0133211482611 0.000113785290929 0.000113785290929 0.000113785290929 0.000113785290929 0.000113785290929 0.985996139993
0.000119268646187 0.000119268646187 0.000119268646187 0.000119268646187 0.000119268646187 0.000119268646187 0.000119268646187 0.999165119477
0.000101334475409 0.000101334475409 0.999290658672 0.000101334475409 0.000101334475409 0.000101334475409 0.000101334475409 0.000101334475409
0.000128605710683 0.000128605710683 0.000128605710683 0.000128605710683 0.000128605710683 0.000128605710683 0.000128605710683 0.999099760025
0.0129208971839 0.000137262655114 0.000137262655114 0.000137262655114 0.000137262655114 0.000137262655114 0.000137262655114 0.986255526885
0.000101532572048 0.000101532572048 0.000101532572048 0.017944499618 0.000101532572048 0.000101532572048 0.98144630495 0.000101532572048
0.000102168209527 0.000102168209527 0.000102168209527 0.000102168209527 0.999284822533 0.000102168209527 0.000102168209527 0.000102168209527
0.00013055598442 0.00013055598442 0.00013055598442 0.00013055598442 0.00013055598442 0.00013055598442 0.00013055598442 0.999086108109
0.000113037220953 0.019687298986 0.000113037220953 0.000113037220953 0.000113037220953 0.00889425598274 0.000113037220953 0.970853258927
0.00010155610901 0.00010155610901 0.00010155610901 0.00983540756149 0.00010155610901 0.00010155610901 0.989555255784 0.00010155610901
0.00013039491619 0.00013039491619 0.00013039491619 0.00013039491619 0.00013039491619 0.00013039491619 0.00013039491619 0.999087235587
0.000126410252427 0.000126410252427 0.000126410252427 0.000126410252427 0.000126410252427 0.000126410252427 0.000126410252427 0.999115128233
0.00012873657634 0.00012873657634 0.00012873657634 0.00012873657634 0.00012873657634 0.00012873657634 0.00012873657634 0.999098843966
0.000129168790582 0.000129168790582 0.000129168790582 0.000129168790582 0.000129168790582 0.000129168790582 0.000129168790582 0.999095818466
0.000119904848568 0.000119904848568 0.000119904848568 0.000119904848568 0.000119904848568 0.000119904848568 0.000119904848568 0.99916066606
0.0001166258879 0.00019680231321 0.0001166258879 0.0001166258879 0.0001166258879 0.0001166258879 0.0001166258879 0.999103442359
0.0106605797633 0.000136961650963 0.000136961650963 0.000136961650963 0.000136961650963 0.000136961650963 0.000136961650963 0.988517650331
0.000101865408758 0.000101865408758 0.000101865408758 0.999286942139 0.000101865408758 0.000101865408758 0.000101865408758 0.000101865408758
0.000101230048736 0.000101230048736 0.999291389659 0.000101230048736 0.000101230048736 0.000101230048736 0.000101230048736 0.000101230048736
0.0142966619603 0.000137802441186 0.000137802441186 0.000137802441186 0.000137802441186 0.000137802441186 0.000137802441186 0.984876523393
0.000127928675503 0.000127928675503 0.000127928675503 0.000127928675503 0.000127928675503 0.000127928675503 0.000127928675503 0.999104499271
0.000120363739541 0.000120363739541 0.000120363739541 0.000120363739541 0.000120363739541 0.000120363739541 0.000120363739541 0.999157453823
0.000102637518702 0.000102637518702 0.000102637518702 0.937160253521 0.000102637518702 0.0106449480695 0.0516816108155 0.000102637518702
0.000125771583993 0.000125771583993 0.000125771583993 0.000125771583993 0.000125771583993 0.000125771583993 0.000125771583993 0.999119598912
0.000131768043477 0.000131768043477 0.000131768043477 0.000131768043477 0.000131768043477 0.000131768043477 0.000131768043477 0.999077623696
0.009029861428 0.000136544184604 0.000136544184604 0.000136544184604 0.000136544184604 0.000136544184604 0.000136544184604 0.990150873464
0.000100900898791 0.000100900898791 0.999293693708 0.000100900898791 0.000100900898791 0.000100900898791 0.000100900898791 0.000100900898791
0.000102282467504 0.000102282467504 0.000102282467504 0.161516566626 0.000102282467504 0.000102282467504 0.837869738569 0.000102282467504
0.000115351385794 0.00637509348639 0.000115351385794 0.000115351385794 0.000115351385794 0.000115351385794 0.000115351385794 0.992932798199
0.000134497034215 0.000134497034215 0.000134497034215 0.000134497034215 0.000134497034215 0.000134497034215 0.000134497034215 0.99905852076
0.000125067795923 0.000125067795923 0.000125067795923 0.000125067795923 0.000125067795923 0.000125067795923 0.000125067795923 0.999124525429
0.000100961726929 0.000100961726929 0.999293267911 0.000100961726929 0.000100961726929 0.000100961726929 0.000100961726929 0.000100961726929
0.000124168640702 0.000124168640702 0.000124168640702 0.000124168640702 0.000124168640702 0.000124168640702 0.000124168640702 0.999130819515
0.000772138709025 0.000134072205542 0.000134072205542 0.000134072205542 0.000134072205542 0.000134072205542 0.000134072205542 0.998423428058
0.0168469717014 0.000137347848507 0.000137347848507 0.000137347848507 0.000137347848507 0.000137347848507 0.000137347848507 0.982328941208
0.000101886383148 0.000101886383148 0.000101886383148 0.107099351979 0.000101886383148 0.000101886383148 0.892289329722 0.000101886383148
0.000115507916819 0.0013039848163 0.000115507916819 0.000115507916819 0.000115507916819 0.000115507916819 0.000115507916819 0.998002967683
0.000130624596594 0.000130624596594 0.000130624596594 0.000130624596594 0.000130624596594 0.000130624596594 0.000130624596594 0.999085627824
0.000115329155495 0.0109700889528 0.000115329155495 0.000115329155495 0.000115329155495 0.00416674144089 0.000115329155495 0.984286523829
0.000119904164622 0.000119904164622 0.000119904164622 0.000119904164622 0.000119904164622 0.000119904164622 0.000119904164622 0.999160670848
0.000124648757105 0.000124648757105 0.000124648757105 0.000124648757105 0.000124648757105 0.000124648757105 0.000124648757105 0.9991274587
0.000101252962593 0.000101252962593 0.000101252962593 0.708543531235 0.000101252962593 0.000101252962593 0.290848950989 0.000101252962593
0.000101222294927 0.000101222294927 0.000101222294927 0.15472878253 0.000101222294927 0.000101222294927 0.8446638837 0.000101222294927
0.000103891983046 0.000103891983046 0.000103891983046 0.000103891983046 0.999272756119 0.000103891983046 0.000103891983046 0.000103891983046
0.000100984210984 0.000100984210984 0.999293110523 0.000100984210984 0.000100984210984 0.000100984210984 0.000100984210984 0.000100984210984
0.000126157723544 0.000126157723544 0.000126157723544 0.000126157723544 0.000126157723544 0.000126157723544 0.000126157723544 0.999116895935
0.00226910390226 0.000135177433524 0.000135177433524 0.000135177433524 0.000135177433524 0.000135177433524 0.000135177433524 0.996919831497
0.000112458352111 0.0275497931545 0.000112458352111 0.000112458352111 0.000112458352111 0.0099408745384 0.000112458352111 0.961947040547
0.000126900260607 0.000126900260607 0.000126900260607 0.000126900260607 0.000126900260607 0.000126900260607 0.000126900260607 0.999111698176
0.000100964404062 0.000100964404062 0.000100964404062 0.000100964404062 0.000100964404062 0.000100964404062 0.999293249172 0.000100964404062
0.000125598852585 0.000125598852585 0.000125598852585 0.000125598852585 0.000125598852585 0.000125598852585 0.000125598852585 0.999120808032
0.000126208042857 0.00570625447845 0.000126208042857 0.000126208042857 0.000126208042857 0.000126208042857 0.000126208042857 0.993536497264
0.000126283043291 0.000126283043291 0.000126283043291 0.000126283043291 0.000126283043291 0.000126283043291 0.000126283043291 0.999116018697
0.000101075920812 0.000101075920812 0.000101075920812 0.000101075920812 0.000101075920812 0.000101075920812 0.999292468554 0.000101075920812
0.000124494450203 0.000124494450203 0.000124494450203 0.000124494450203 0.000124494450203 0.000124494450203 0.000124494450203 0.999128538849
0.000127090881052 0.000127090881052 0.000127090881052 0.000127090881052 0.000127090881052 0.000127090881052 0.000127090881052 0.999110363833
0.000101111321003 0.000101111321003 0.000101111321003 0.685627286724 0.000101111321003 0.000101111321003 0.31376604535 0.000101111321003
0.00010283598589 0.999280148099 0.00010283598589 0.00010283598589 0.00010283598589 0.00010283598589 0.00010283598589 0.00010283598589
0.0001012025074 0.0001012025074 0.999291582448 0.0001012025074 0.0001012025074 0.0001012025074 0.0001012025074 0.0001012025074
0.000113454350708 0.0166021941257 0.000113454350708 0.000113454350708 0.000113454350708 0.00786963000765 0.000113454350708 0.974960904113
0.000124345667379 0.000124345667379 0.000124345667379 0.000124345667379 0.000124345667379 0.000124345667379 0.000124345667379 0.999129580328
0.000101236969859 0.000101236969859 0.000101236969859 0.613160117906 0.000101236969859 0.000101236969859 0.386232460274 0.000101236969859
0.000101287135842 0.000101287135842 0.000101287135842 0.179201311341 0.000101287135842 0.000101287135842 0.820190965844 0.000101287135842
0.000101630208587 0.000101630208587 0.000101630208587 0.00337011730396 0.000101630208587 0.996020101445 0.000101630208587 0.000101630208587
0.0110634887599 0.000137126836593 0.000137126836593 0.000137126836593 0.000137126836593 0.000137126836593 0.000137126836593 0.988113750221
0.000132542114444 0.000132542114444 0.000132542114444 0.000132542114444 0.000132542114444 0.000132542114444 0.000132542114444 0.999072205199
0.000116471462997 0.00465535532646 0.000116471462997 0.000116471462997 0.000116471462997 0.000116471462997 0.000116471462997 0.994645815896
0.000125579996855 0.000125579996855 0.000125579996855 0.000125579996855 0.000125579996855 0.000125579996855 0.000125579996855 0.999120940022
0.0102149403122 0.000137047981898 0.000137047981898 0.000137047981898 0.000137047981898 0.000137047981898 0.000137047981898 0.988962771796
0.00011437189872 0.00872751246661 0.00011437189872 0.00011437189872 0.00011437189872 0.00011437189872 0.00011437189872 0.990586256141
0.000126104443137 0.000126104443137 0.000126104443137 0.000126104443137 0.000126104443137 0.000126104443137 0.000126104443137 0.999117268898
0.000113956159651 0.0152212689388 0.000113956159651 0.000113956159651 0.000113956159651 0.000113956159651 0.000113956159651 0.984094994103
0.000130776250213 0.000130776250213 0.000130776250213 0.000130776250213 0.000130776250213 0.000130776250213 0.000130776250213 0.999084566249
0.000116294363134 0.00846310219383 0.000116294363134 0.000116294363134 0.000116294363134 0.00466780053461 0.000116294363134 0.986287625456
0.000133472930527 0.000133472930527 0.000133472930527 0.000133472930527 0.000133472930527 0.000133472930527 0.000133472930527 0.999065689486
0.000126753559679 0.000126753559679 0.000126753559679 0.000126753559679 0.000126753559679 0.000126753559679 0.000126753559679 0.999112725082
0.000127738945157 0.000127738945157 0.000127738945157 0.000127738945157 0.000127738945157 0.000127738945157 0.000127738945157 0.999105827384
0.000131608146805 0.000131608146805 0.000131608146805 0.000131608146805 0.000131608146805 0.000131608146805 0.000131608146805 0.999078742972
0.000119371674725 0.000119371674725 0.000119371674725 0.000119371674725 0.000119371674725 0.000119371674725 0.000119371674725 0.999164398277
0.0176077892019 0.000138320058305 0.000138320058305 0.000138320058305 0.000138320058305 0.000138320058305 0.000138320058305 0.981562290448
0.000123304871445 0.000123304871445 0.000123304871445 0.000123304871445 0.000123304871445 0.000123304871445 0.000123304871445 0.9991368659
0.017116538177 0.00013828268155 0.00013828268155 0.00013828268155 0.00013828268155 0.00013828268155 0.00013828268155 0.982053765734
0.000101314469528 0.000101314469528 0.000101314469528 0.180190957698 0.000101314469528 0.000101314469528 0.819201155485 0.000101314469528
0.000122414081277 0.000122414081277 0.000122414081277 0.000122414081277 0.000122414081277 0.000122414081277 0.000122414081277 0.999143101431
0.000112112568984 0.0241838926559 0.000112112568984 0.000112112568984 0.000112112568984 0.00535145010525 0.000112112568984 0.969904094394
0.000123718755531 0.000123718755531 0.000123718755531 0.000123718755531 0.000123718755531 0.000123718755531 0.000123718755531 0.999133968711
0.000127085751449 0.000127085751449 0.000127085751449 0.000127085751449 0.000127085751449 0.00439120768263 0.000127085751449 0.994846277809
0.000113350122231 0.0161647736699 0.000113350122231 0.000113350122231 0.000113350122231 0.00195345492427 0.000113350122231 0.981315020795
0.000118324091931 0.0156360500317 0.000118324091931 0.000118324091931 0.000118324091931 0.0280187859154 0.000118324091931 0.955753543593
0.000116221536428 0.00317166394541 0.000116221536428 0.000116221536428 0.000116221536428 0.000116221536428 0.000116221536428 0.996131006836
0.000100974907612 0.000100974907612 0.000100974907612 0.000100974907612 0.000100974907612 0.000100974907612 0.999293175647 0.000100974907612
0.000101205780517 0.000101205780517 0.999291559536 0.000101205780517 0.000101205780517 0.000101205780517 0.000101205780517 0.000101205780517
0.000128522073148 0.000128522073148 0.000128522073148 0.000128522073148 0.000128522073148 0.000128522073148 0.000128522073148 0.999100345488
0.000122898411914 0.000122898411914 0.000122898411914 0.000122898411914 0.000122898411914 0.000122898411914 0.000122898411914 0.999139711117
0.000103303052735 0.000103303052735 0.999276878631 0.000103303052735 0.000103303052735 0.000103303052735 0.000103303052735 0.000103303052735
0.000115873305645 0.00514602124516 0.000115873305645 0.000115873305645 0.000115873305645 0.000115873305645 0.000115873305645 0.994158738921
0.000102523481261 0.000102523481261 0.000102523481261 0.000102523481261 0.000102523481261 0.993372085374 0.00601277373815 0.000102523481261
0.000100966922245 0.000100966922245 0.999293231544 0.000100966922245 0.000100966922245 0.000100966922245 0.000100966922245 0.000100966922245
0.000129158905827 0.000129158905827 0.000129158905827 0.000129158905827 0.000129158905827 0.000129158905827 0.000129158905827 0.999095887659
0.000102372021292 0.000102372021292 0.999283395851 0.000102372021292 0.000102372021292 0.000102372021292 0.000102372021292 0.000102372021292
0.000100985529192 0.000100985529192 0.000100985529192 0.114485024057 0.000100985529192 0.000100985529192 0.884909062768 0.000100985529192
0.000121395029404 0.000121395029404 0.000121395029404 0.000121395029404 0.000121395029404 0.000121395029404 0.000121395029404 0.999150234794
0.000102184187458 0.000102184187458 0.000102184187458 0.999284710688 0.000102184187458 0.000102184187458 0.000102184187458 0.000102184187458
0.0226012287466 0.000139646805726 0.000139646805726 0.000139646805726 0.000139646805726 0.000139646805726 0.000139646805726 0.976560890419
0.000131522572949 0.000131522572949 0.000131522572949 0.000131522572949 0.000131522572949 0.000131522572949 0.000131522572949 0.999079341989
0.000102144284398 0.000102144284398 0.000102144284398 0.000102144284398 0.999284990009 0.000102144284398 0.000102144284398 0.000102144284398
0.000121861028083 0.000121861028083 0.000121861028083 0.000121861028083 0.000121861028083 0.000121861028083 0.000121861028083 0.999146972803
0.000127339549841 0.000127339549841 0.000127339549841 0.000127339549841 0.000127339549841 0.000127339549841 0.000127339549841 0.999108623151
0.000101365490307 0.000101365490307 0.000101365490307 0.0689295666273 0.000101365490307 0.000101365490307 0.930462240431 0.000101365490307
0.000114324702271 0.00929452970167 0.000114324702271 0.000114324702271 0.000114324702271 0.00129471882426 0.000114324702271 0.988839127963
0.000113895252787 0.01506126568 0.000113895252787 0.000113895252787 0.000113895252787 0.000113895252787 0.000113895252787 0.984255362803
0.000129513817771 0.000129513817771 0.000129513817771 0.000129513817771 0.000129513817771 0.000129513817771 0.000129513817771 0.999093403276
0.000101559072293 0.000101559072293 0.000101559072293 0.000101559072293 0.000101559072293 0.999289086494 0.000101559072293 0.000101559072293
0.000112646361987 0.0210785278738 0.000112646361987 0.000112646361987 0.000112646361987 0.000112646361987 0.000112646361987 0.978245593954
0.000115430863186 0.00673240305195 0.000115430863186 0.000115430863186 0.000115430863186 0.000115430863186 0.000115430863186 0.992575011769
0.00012520128009 0.00012520128009 0.00012520128009 0.00012520128009 0.00012520128009 0.00012520128009 0.00012520128009 0.999123591039
0.00013443424143 0.00013443424143 0.00013443424143 0.00013443424143 0.00013443424143 0.00013443424143 0.00013443424143 0.99905896031
0.000100982530918 0.000100982530918 0.999293122284 0.000100982530918 0.000100982530918 0.000100982530918 0.000100982530918 0.000100982530918
0.0122031168559 0.000137166081671 0.000137166081671 0.000137166081671 0.000137166081671 0.000137166081671 0.000137166081671 0.986973886654
0.000102421929509 0.000102421929509 0.000102421929509 0.000102421929509 0.000102421929509 0.000102421929509 0.999283046493 0.000102421929509
0.000132940723373 0.000132940723373 0.000132940723373 0.000132940723373 0.000132940723373 0.000132940723373 0.000132940723373 0.999069414936
0.000101699272789 0.000101699272789 0.000101699272789 0.139474503093 0.000101699272789 0.000101699272789 0.85991530127 0.000101699272789
0.000133411291961 0.000133411291961 0.000133411291961 0.000133411291961 0.000133411291961 0.000133411291961 0.000133411291961 0.999066120956
0.000127549142441 0.000127549142441 0.000127549142441 0.000127549142441 0.000127549142441 0.000127549142441 0.000127549142441 0.999107156003
0.000134603090307 0.000134603090307 0.000134603090307 0.000134603090307 0.000134603090307 0.000134603090307 0.000134603090307 0.999057778368
0.000132259913103 0.000132259913103 0.000132259913103 0.000132259913103 0.000132259913103 0.000132259913103 0.000132259913103 0.999074180608
0.000102381188171 0.999283331683 0.000102381188171 0.000102381188171 0.000102381188171 0.000102381188171 0.000102381188171 0.000102381188171
0.000104312815947 0.000104312815947 0.000104312815947 0.0398884354869 0.0614438806166 0.000104312815947 0.898146119817 0.000104312815947
0.000102336001274 0.000102336001274 0.999283647991 0.000102336001274 0.000102336001274 0.000102336001274 0.000102336001274 0.000102336001274
0.000116014199419 0.00479765882884 0.000116014199419 0.000116014199419 0.000116014199419 0.000116014199419 0.000116014199419 0.994506255975
0.000103514642837 0.000103514642837 0.000103514642837 0.000103514642837 0.000103514642837 0.9992753975 0.000103514642837 0.000103514642837
0.000101438493303 0.000101438493303 0.000101438493303 0.94420757242 0.000101438493303 0.000101438493303 0.05518379662 0.000101438493303
0.00010169383399 0.00010169383399 0.00010169383399 0.448859904646 0.00010169383399 0.00010169383399 0.55052993235 0.00010169383399
0.000102214859704 0.000102214859704 0.000102214859704 0.112643435297 0.000102214859704 0.000102214859704 0.886743275544 0.000102214859704
0.000112678192379 0.0191784313031 0.000112678192379 0.000112678192379 0.000112678192379 0.00393683559607 0.000112678192379 0.976321342139
0.00347921954819 0.000135238089037 0.000135238089037 0.000135238089037 0.000135238089037 0.000135238089037 0.000135238089037 0.995709351918
0.000123619584226 0.000123619584226 0.000123619584226 0.000123619584226 0.000123619584226 0.000123619584226 0.000123619584226 0.99913466291
0.000101066547372 0.000101066547372 0.999292534168 0.000101066547372 0.000101066547372 0.000101066547372 0.000101066547372 0.000101066547372
0.00010158725889 0.00010158725889 0.00010158725889 0.0163846770005 0.00010158725889 0.00010158725889 0.983005799446 0.00010158725889
0.000100981985111 0.000100981985111 0.999293126104 0.000100981985111 0.000100981985111 0.000100981985111 0.000100981985111 0.000100981985111
0.000100916548205 0.000100916548205 0.999293584163 0.000100916548205 0.000100916548205 0.000100916548205 0.000100916548205 0.000100916548205
0.00011175528814 0.0301435345883 0.00011175528814 0.00011175528814 0.00011175528814 0.00518132919074 0.00011175528814 0.96411635978
0.000100898281745 0.000100898281745 0.000100898281745 0.000100898281745 0.000100898281745 0.000100898281745 0.999293712028 0.000100898281745
0.000101337926489 0.000101337926489 0.000101337926489 0.0723055482203 0.000101337926489 0.000101337926489 0.927086424221 0.000101337926489
0.0001200073389 0.0001200073389 0.0001200073389 0.0001200073389 0.0001200073389 0.0001200073389 0.0001200073389 0.999159948628
0.00998461022861 0.000136701821569 0.000136701821569 0.000136701821569 0.000136701821569 0.000136701821569 0.000136701821569 0.989195178842
0.000118779674032 0.000118779674032 0.000118779674032 0.000118779674032 0.000118779674032 0.000118779674032 0.000118779674032 0.999168542282
0.0169511908618 0.000138006259974 0.000138006259974 0.000138006259974 0.000138006259974 0.000138006259974 0.000138006259974 0.982220771578
0.0156045902787 0.000137823957448 0.000137823957448 0.000137823957448 0.000137823957448 0.000137823957448 0.000137823957448 0.983568465977
0.000101107478527 0.000101107478527 0.000101107478527 0.577685681854 0.000101107478527 0.000101107478527 0.421707673275 0.000101107478527
0.000101015633759 0.000101015633759 0.999292890564 0.000101015633759 0.000101015633759 0.000101015633759 0.000101015633759 0.000101015633759
0.000100880869629 0.000100880869629 0.999293833913 0.000100880869629 0.000100880869629 0.000100880869629 0.000100880869629 0.000100880869629
0.000101174540198 0.000101174540198 0.999291778219 0.000101174540198 0.000101174540198 0.000101174540198 0.000101174540198 0.000101174540198
0.000127243990499 0.000127243990499 0.000127243990499 0.000127243990499 0.000127243990499 0.000127243990499 0.000127243990499 0.999109292067
0.000112532685972 0.0227011781862 0.000112532685972 0.000112532685972 0.000112532685972 0.0014471003388 0.000112532685972 0.975289058045
0.00013219284489 0.00013219284489 0.00013219284489 0.00013219284489 0.00013219284489 0.00013219284489 0.00013219284489 0.999074650086
0.000101482572644 0.000101482572644 0.000101482572644 0.00916482734638 0.000101482572644 0.990226277218 0.000101482572644 0.000101482572644
0.000126584531381 0.000126584531381 0.000126584531381 0.000126584531381 0.000126584531381 0.000126584531381 0.000126584531381 0.99911390828
0.000121215707483 0.000121215707483 0.000121215707483 0.000121215707483 0.000121215707483 0.000121215707483 0.000121215707483 0.999151490048
0.000133025892538 0.000133025892538 0.000133025892538 0.000133025892538 0.000133025892538 0.000133025892538 0.000133025892538 0.999068818752
0.000113569472437 0.0162362108579 0.000113569472437 0.000113569472437 0.000113569472437 0.00400050821204 0.000113569472437 0.979195433568
0.000101595462911 0.000101595462911 0.000101595462911 0.000101595462911 0.000101595462911 0.99928883176 0.000101595462911 0.000101595462911
0.000115465605427 0.00984024132306 0.000115465605427 0.000115465605427 0.000115465605427 0.000115465605427 0.000115465605427 0.989466965044
0.000111871231452 0.0275085841271 0.000111871231452 0.000111871231452 0.000111871231452 0.0179146100525 0.000111871231452 0.954017449663
0.000128459011101 0.000128459011101 0.000128459011101 0.000128459011101 0.000128459011101 0.000128459011101 0.000128459011101 0.999100786922
0.000100984087463 0.000100984087463 0.999293111388 0.000100984087463 0.000100984087463 0.000100984087463 0.000100984087463 0.000100984087463
